T-cell population,Th-cell population,B-cell population,APC population,Neuron population,Myelin health,Virus population,Plasma cell population,Th0 population,Th1 population,Th2 population,Tpato17 population,Treg17 population,Cytokine levels,IFN levels,TGF levels,IL-2 levels,IL-4 levels,IL-6 levels,IL-17 levels,IL-21 levels,IL-22 levels,MBP levels,EBNA1 levels,MBP antibody levels,EBNA1 antibody levels,B cells antigen presented,APC antigen attached,B cells activated,B cells latent,B cells lytic
20,20,20,20,9,90,0,0,0,0,0,0,0,0,0,0,0,0,0,0,0,0,0,0,0,0,0,0,0,0,0
20,20,21,20,9,90,0,0,0,0,0,0,0,20,0,0,20,0,0,0,0,0,0,0,0,0,0,0,0,0,0
20,20,21,21,9,90,0,0,0,0,0,0,0,40,0,0,40,0,0,0,0,0,0,0,0,0,0,0,0,0,0
20,20,22,21,9,90,0,0,3,0,0,0,0,60,0,0,60,0,0,0,0,0,0,0,0,0,0,0,0,0,0
20,20,25,21,9,90,50,0,3,1,0,0,0,89,3,0,83,3,0,0,0,0,0,0,0,0,0,0,0,0,0
20,20,27,21,9,90,50,0,3,1,0,0,0,120,7,0,107,6,0,0,0,0,0,0,0,0,0,0,0,0,0
20,20,28,21,9,90,50,0,3,1,0,1,0,32,1,0,31,0,0,0,0,0,0,0,0,0,0,0,0,0,0
20,20,30,21,9,90,50,0,4,1,0,5,0,64,5,0,55,3,0,1,0,0,0,0,0,0,0,0,0,0,0
20,17,31,22,9,90,50,0,5,1,0,5,0,103,10,0,80,7,0,6,0,0,0,0,0,0,0,0,0,1,0
20,0,31,23,9,90,50,0,5,1,0,5,0,142,16,0,103,12,0,11,0,0,0,0,0,0,0,0,0,1,0
20,0,31,24,9,90,50,0,5,1,0,8,0,164,22,0,109,17,0,16,0,0,0,0,0,0,0,0,0,3,0
20,0,31,25,9,90,50,0,5,1,0,8,0,189,28,0,115,22,0,24,0,0,0,0,0,0,0,0,0,3,0
20,0,33,27,9,90,50,0,4,1,0,11,0,214,34,0,121,27,0,32,0,0,0,0,0,0,0,0,0,4,0
20,0,34,27,9,90,50,0,2,1,0,12,0,239,39,0,126,31,0,43,0,0,0,0,0,0,0,0,0,5,0
20,0,34,27,9,90,50,0,2,0,0,13,0,259,42,0,129,33,0,55,0,0,0,0,0,0,0,0,0,5,0
20,0,35,27,9,90,50,0,2,0,0,14,0,278,44,0,131,35,0,68,0,0,0,0,0,0,0,0,0,5,0
20,0,35,27,9,90,50,0,2,0,0,14,0,298,46,0,133,37,0,82,0,0,0,0,0,0,0,0,0,6,0
20,0,35,29,9,90,50,0,1,0,0,11,0,318,48,0,135,39,0,96,0,0,0,0,0,0,0,0,0,6,0
20,0,36,30,9,90,50,0,0,0,0,11,0,332,49,0,136,40,0,107,0,0,0,0,0,0,0,0,0,6,0
20,0,36,30,9,90,50,0,0,0,0,11,0,97,10,0,38,9,0,40,0,0,0,0,0,0,0,0,0,6,0
20,0,36,30,9,90,50,0,0,0,0,8,0,108,10,0,38,9,0,51,0,0,0,0,0,0,0,0,0,6,0
20,0,36,30,9,90,50,0,0,0,0,7,0,116,10,0,38,9,0,59,0,0,0,0,0,0,0,0,0,6,0
20,0,36,30,9,90,50,0,0,0,0,6,0,123,10,0,38,9,0,66,0,0,0,0,0,0,0,0,0,7,0
20,0,38,30,9,90,50,0,0,0,0,6,0,129,10,0,38,9,0,72,0,0,0,0,0,0,0,0,0,7,0
20,0,38,31,9,90,50,0,0,0,0,5,0,135,10,0,38,9,0,78,0,0,0,0,0,0,0,0,0,7,0
20,0,38,32,9,90,50,0,0,0,0,4,0,140,10,0,38,9,0,83,0,0,0,0,0,0,0,0,0,7,0
20,0,38,32,9,90,50,0,0,0,0,5,0,144,10,0,38,9,0,87,0,0,0,0,0,0,0,0,0,7,0
20,0,38,34,9,90,50,0,0,0,0,4,0,149,10,0,38,9,0,92,0,0,0,0,0,0,0,0,0,7,0
20,0,38,35,9,90,50,0,0,0,0,5,0,153,10,0,38,9,0,96,0,0,0,0,0,0,0,0,0,8,0
20,0,39,35,9,90,50,0,0,0,0,5,0,158,10,0,38,9,0,101,0,0,0,0,0,0,0,0,0,9,0
20,0,41,37,9,90,50,0,0,0,0,5,0,163,10,0,38,9,0,106,0,0,0,0,0,0,0,0,0,9,0
20,0,41,38,9,90,50,0,0,0,0,4,0,168,10,0,38,9,0,111,0,0,0,0,0,0,0,0,0,9,0
19,0,43,40,9,90,50,0,0,0,0,5,0,172,10,0,38,9,0,115,0,0,0,0,0,0,0,0,0,9,0
19,0,43,41,9,90,50,0,0,0,0,4,0,177,10,0,38,9,0,120,0,0,0,0,0,0,0,0,0,9,0
18,0,44,42,9,90,50,0,0,0,0,7,0,181,10,0,38,9,0,124,0,0,0,0,0,0,0,0,0,9,0
17,0,45,44,9,90,50,0,0,0,0,7,0,188,10,0,38,9,0,131,0,0,0,0,0,0,0,0,0,9,0
17,0,46,45,9,90,50,0,0,0,0,6,0,195,10,0,38,9,0,138,0,0,0,0,0,0,0,0,0,10,0
17,0,46,45,9,90,50,0,0,0,0,6,0,201,10,0,38,9,0,144,0,0,0,0,0,0,0,0,0,11,0
16,0,46,45,9,90,50,0,0,0,0,6,0,207,10,0,38,9,0,150,0,0,0,0,0,0,0,0,0,12,0
15,0,47,45,9,90,50,0,0,0,0,7,0,213,10,0,38,9,0,156,0,0,0,0,0,0,0,0,0,12,0
15,0,47,46,9,90,50,0,0,0,0,7,0,64,0,0,8,0,0,56,0,0,0,0,0,0,0,0,0,12,0
15,0,48,46,9,90,50,0,0,0,0,8,0,71,0,0,8,0,0,63,0,0,0,0,0,0,0,0,0,12,0
15,0,49,47,9,90,50,0,0,0,0,7,0,79,0,0,8,0,0,71,0,0,0,0,0,0,0,0,0,12,0
15,0,50,47,9,90,50,0,0,0,0,7,0,86,0,0,8,0,0,78,0,0,0,0,0,0,0,0,0,12,0
15,0,50,50,9,90,50,0,0,0,0,5,0,93,0,0,8,0,0,85,0,0,0,0,0,0,0,0,0,12,0
14,0,52,50,9,90,50,0,0,0,0,6,0,31,0,0,2,0,0,29,0,0,0,0,0,0,0,0,0,13,0
14,0,54,51,9,90,50,0,0,0,0,6,0,37,0,0,2,0,0,35,0,0,0,0,0,0,0,0,0,14,0
14,0,54,53,9,90,50,0,0,0,0,6,0,43,0,0,2,0,0,41,0,0,0,0,0,0,0,0,0,14,0
14,0,55,54,9,90,50,0,0,0,0,5,0,49,0,0,2,0,0,47,0,0,0,0,0,0,0,0,0,14,0
14,0,56,55,9,90,50,0,0,0,0,5,0,54,0,0,2,0,0,52,0,0,0,0,0,0,0,0,0,14,0
14,0,58,56,9,90,50,0,0,0,0,5,0,18,0,0,0,0,0,18,0,0,0,0,0,0,0,0,0,14,0
14,0,59,59,9,90,50,0,0,0,0,5,0,23,0,0,0,0,0,23,0,0,0,0,0,0,0,0,0,14,0
13,0,59,60,9,90,50,0,0,0,0,5,0,28,0,0,0,0,0,28,0,0,0,0,0,0,0,0,0,14,0
13,0,60,61,9,90,50,0,0,0,0,5,0,33,0,0,0,0,0,33,0,0,0,0,0,0,0,0,0,14,0
13,0,62,61,9,90,50,0,0,0,0,5,0,38,0,0,0,0,0,38,0,0,0,0,0,0,0,0,0,14,0
13,0,63,62,9,90,50,0,0,0,0,4,0,43,0,0,0,0,0,43,0,0,0,0,0,0,0,0,0,14,0
11,0,63,65,9,90,50,0,0,0,0,4,0,47,0,0,0,0,0,47,0,0,0,0,0,0,0,0,0,14,0
11,0,67,66,9,90,50,0,0,0,0,4,0,51,0,0,0,0,0,51,0,0,0,0,0,0,0,0,0,15,0
11,0,68,66,9,90,50,0,0,0,0,5,0,55,0,0,0,0,0,55,0,0,0,0,0,0,0,0,0,15,0
11,0,70,67,9,90,50,0,0,0,0,4,0,60,0,0,0,0,0,60,0,0,0,0,0,0,0,0,0,15,0
11,0,71,71,9,90,50,0,0,0,0,4,0,64,0,0,0,0,0,64,0,0,0,0,0,0,0,0,0,16,0
11,0,75,73,9,90,50,0,0,0,0,4,0,68,0,0,0,0,0,68,0,0,0,0,0,0,0,0,0,17,0
11,0,78,75,9,90,50,0,0,0,0,3,0,72,0,0,0,0,0,72,0,0,0,0,0,0,0,0,0,17,0
11,0,79,78,9,90,50,0,0,0,0,3,0,75,0,0,0,0,0,75,0,0,0,0,0,0,0,0,0,17,0
10,0,80,79,9,90,50,0,0,0,0,3,0,78,0,0,0,0,0,78,0,0,0,0,0,0,0,0,0,17,0
9,0,84,80,9,90,50,0,0,0,0,3,0,81,0,0,0,0,0,81,0,0,0,0,0,0,0,0,0,18,0
9,0,84,80,9,90,50,0,0,0,0,2,0,84,0,0,0,0,0,84,0,0,0,0,0,0,0,0,0,19,0
9,0,86,81,9,90,50,0,0,0,0,2,0,86,0,0,0,0,0,86,0,0,0,0,0,0,0,0,0,19,0
9,0,87,82,9,90,50,0,0,0,0,2,0,88,0,0,0,0,0,88,0,0,0,0,0,0,0,0,0,20,0
9,0,88,84,9,90,50,0,0,0,0,2,0,90,0,0,0,0,0,90,0,0,0,0,0,0,0,0,0,20,0
8,0,90,88,9,90,50,0,0,0,0,2,0,92,0,0,0,0,0,92,0,0,0,0,0,0,0,0,0,20,0
8,0,92,90,9,90,50,0,0,0,0,1,0,94,0,0,0,0,0,94,0,0,0,0,0,0,0,0,0,20,0
8,0,97,92,9,90,50,0,0,0,0,1,0,95,0,0,0,0,0,95,0,0,0,0,0,0,0,0,0,20,0
8,0,101,94,9,90,50,0,0,0,0,1,0,96,0,0,0,0,0,96,0,0,0,0,0,0,0,0,0,21,0
8,0,105,96,9,90,50,0,0,0,0,1,0,97,0,0,0,0,0,97,0,0,0,0,0,0,0,0,0,22,0
6,0,105,99,9,90,50,0,0,0,0,2,0,98,0,0,0,0,0,98,0,0,0,0,0,0,0,0,0,22,0
6,0,108,101,9,90,50,0,0,0,0,2,0,100,0,0,0,0,0,100,0,0,0,0,0,0,0,0,0,24,0
6,0,110,102,9,90,50,0,0,0,0,2,0,102,0,0,0,0,0,102,0,0,0,0,0,0,0,0,0,24,0
6,0,112,104,9,90,50,0,0,0,0,1,0,35,0,0,0,0,0,35,0,0,0,0,0,0,0,0,0,26,0
6,0,115,108,9,90,50,0,0,0,0,2,0,36,0,0,0,0,0,36,0,0,0,0,0,0,0,0,0,26,0
6,0,116,113,9,90,50,0,0,0,0,2,0,38,0,0,0,0,0,38,0,0,0,0,0,0,0,0,0,26,0
6,0,122,118,9,90,50,0,0,0,0,2,0,40,0,0,0,0,0,40,0,0,0,0,0,0,0,0,0,26,0
6,0,126,124,9,90,50,0,0,0,0,2,0,42,0,0,0,0,0,42,0,0,0,0,0,0,0,0,0,26,0
6,0,126,129,9,90,50,0,0,0,0,2,0,44,0,0,0,0,0,44,0,0,0,0,0,0,0,0,0,26,0
6,0,128,132,9,90,50,0,0,0,0,3,0,46,0,0,0,0,0,46,0,0,0,0,0,0,0,0,0,26,0
6,0,129,133,9,90,50,0,0,0,0,4,0,49,0,0,0,0,0,49,0,0,0,0,0,0,0,0,0,28,0
6,0,130,137,9,90,50,0,0,0,0,4,0,53,0,0,0,0,0,53,0,0,0,0,0,0,0,0,0,31,0
6,0,133,138,9,90,50,0,0,0,0,4,0,57,0,0,0,0,0,57,0,0,0,0,0,0,0,0,0,31,0
5,0,135,140,9,90,50,0,0,0,0,4,0,61,0,0,0,0,0,61,0,0,0,0,0,0,0,0,0,33,0
5,0,139,140,9,90,50,0,0,0,0,3,0,65,0,0,0,0,0,65,0,0,0,0,0,0,0,0,0,35,0
5,0,141,138,9,90,50,0,0,0,0,3,0,23,0,0,0,0,0,23,0,0,0,0,0,0,0,0,0,36,0
5,0,141,140,9,90,50,0,0,0,0,4,0,26,0,0,0,0,0,26,0,0,0,0,0,0,0,0,0,38,0
5,0,142,141,9,90,50,0,0,0,0,4,0,30,0,0,0,0,0,30,0,0,0,0,0,0,0,0,0,39,0
5,0,144,144,9,90,50,0,0,0,0,4,0,34,0,0,0,0,0,34,0,0,0,0,0,0,0,0,0,39,0
5,0,146,146,9,90,50,0,0,0,0,3,0,38,0,0,0,0,0,38,0,0,0,0,0,0,0,0,0,40,0
5,0,151,146,9,90,50,0,0,0,0,1,0,41,0,0,0,0,0,41,0,0,0,0,0,0,0,0,0,40,0
4,0,154,149,9,90,50,0,0,0,0,2,0,42,0,0,0,0,0,42,0,0,0,0,0,0,0,0,0,40,0
4,0,158,151,9,90,50,0,0,0,0,2,0,44,0,0,0,0,0,44,0,0,0,0,0,0,0,0,0,40,0
4,0,159,153,9,90,50,0,0,0,0,2,0,14,0,0,0,0,0,14,0,0,0,0,0,0,0,0,0,41,0
4,0,159,156,9,90,50,0,0,0,0,2,0,16,0,0,0,0,0,16,0,0,0,0,0,0,0,0,0,41,0
