T-cell population,Th-cell population,B-cell population,APC population,Neuron population,Myelin health,Virus population,Plasma cell population,Th0 population,Th1 population,Th2 population,Tpato17 population,Treg17 population,Cytokine levels,IFN levels,TGF levels,IL-2 levels,IL-4 levels,IL-6 levels,IL-17 levels,IL-21 levels,IL-22 levels,MBP levels,EBNA1 levels,MBP antibody levels,EBNA1 antibody levels,B cells antigen presented,APC antigen attached,B cells activated,B cells latent,B cells lytic
20,20,22,21,9,90,0,0,0,0,0,0,0,20,0,0,20,0,0,0,0,0,0,0,0,0,0,0,0,0,0
20,20,23,21,9,90,0,0,0,0,0,1,0,40,0,0,40,0,0,0,0,0,0,0,0,0,0,0,0,0,0
20,20,23,21,9,90,0,0,0,0,0,1,0,61,0,0,60,0,0,1,0,0,0,0,0,0,0,0,0,0,0
20,20,23,21,9,90,0,0,2,0,0,1,0,82,0,0,80,0,0,2,0,0,0,0,0,0,0,0,0,0,0
20,20,23,21,9,90,50,0,2,0,0,1,0,109,2,0,102,2,0,3,0,0,0,0,0,0,0,0,0,0,0
20,20,23,21,9,90,50,0,2,1,0,1,0,136,4,0,124,4,0,4,0,0,0,0,0,0,0,0,0,1,0
20,20,23,21,9,90,50,0,3,1,0,3,0,165,7,0,147,6,0,5,0,0,0,0,0,0,0,0,0,1,0
20,20,23,22,9,90,50,0,4,2,0,4,0,199,11,0,171,9,0,8,0,0,0,0,0,0,0,0,0,1,0
20,20,23,22,9,90,50,0,4,2,0,4,0,239,17,0,197,13,0,12,0,0,0,0,0,0,0,0,0,1,0
20,20,24,23,9,90,50,0,4,2,0,4,0,279,23,0,223,17,0,16,0,0,0,0,0,0,0,0,0,1,0
20,20,24,24,9,90,50,0,4,2,0,5,0,319,29,0,249,21,0,20,0,0,0,0,0,0,0,0,0,1,0
20,20,24,25,9,90,50,0,5,2,0,5,0,360,35,0,275,25,0,25,0,0,0,0,0,0,0,0,0,2,0
20,20,24,25,9,90,50,0,5,2,0,6,0,404,42,0,302,30,0,30,0,0,0,0,0,0,0,0,0,2,0
20,20,24,25,9,90,50,0,5,2,0,7,0,449,49,0,329,35,0,36,0,0,0,0,0,0,0,0,0,2,0
20,20,25,26,9,90,50,0,5,2,0,7,0,495,56,0,356,40,0,43,0,0,0,0,0,0,0,0,0,3,0
20,20,25,26,9,90,50,0,6,2,0,8,0,541,63,0,383,45,0,50,0,0,0,0,0,0,0,0,0,4,0
20,20,25,27,9,90,50,0,7,2,0,10,0,591,71,0,411,51,0,58,0,0,0,0,0,0,0,0,0,4,0
20,20,25,28,9,90,50,0,7,3,0,12,0,646,80,0,440,58,0,68,0,0,0,0,0,0,0,0,0,4,0
20,20,26,28,9,90,50,0,7,3,0,14,0,705,90,0,470,65,0,80,0,0,0,0,0,0,0,0,0,4,0
20,20,26,29,9,90,50,0,7,3,0,15,0,766,100,0,500,72,0,94,0,0,0,0,0,0,0,0,0,5,0
20,20,26,30,9,90,50,0,7,3,0,16,0,828,110,0,530,79,0,109,0,0,0,0,0,0,0,0,0,5,0
20,20,26,32,9,90,50,0,8,3,0,18,0,891,120,0,560,86,0,125,0,0,0,0,0,0,0,0,0,5,0
20,20,28,33,9,90,50,0,9,3,0,19,0,959,131,0,591,94,0,143,0,0,0,0,0,0,0,0,0,5,0
20,20,28,33,9,90,50,0,9,3,0,19,0,1031,143,0,623,103,0,162,0,0,0,0,0,0,0,0,0,5,0
20,20,31,34,9,90,50,0,10,3,0,19,0,1103,155,0,655,112,0,181,0,0,0,0,0,0,0,0,0,5,0
20,20,31,35,9,90,50,0,10,3,0,19,0,1178,168,0,688,122,0,200,0,0,0,0,0,0,0,0,0,6,0
20,20,31,35,9,90,49,0,12,3,0,20,0,1253,181,0,721,132,0,219,0,0,0,40,0,0,0,0,0,6,0
20,20,32,36,9,90,49,0,12,3,0,21,0,1335,196,0,756,144,0,239,0,0,0,40,0,0,0,0,0,6,0
20,20,32,36,9,90,49,0,12,4,0,23,0,1418,211,0,791,156,0,260,0,0,0,40,0,0,0,0,0,6,0
20,20,33,36,9,90,49,0,13,4,0,23,0,1505,227,0,827,168,0,283,0,0,0,40,0,0,0,0,0,6,0
20,20,33,37,9,90,49,0,13,4,0,24,0,1595,244,0,864,181,0,306,0,0,0,40,0,0,0,0,0,6,0
20,20,33,39,9,90,49,0,13,4,0,24,0,1686,261,0,901,194,0,330,0,0,0,40,0,0,0,0,0,7,0
20,20,33,39,9,90,49,0,14,4,0,25,0,1777,278,0,938,207,0,354,0,0,0,40,0,0,0,0,0,7,0
20,20,34,40,9,90,49,0,15,4,0,27,0,1872,296,0,976,221,0,379,0,0,0,40,0,0,0,0,0,7,0
20,20,34,41,9,90,49,0,18,4,0,27,0,1972,315,0,1015,236,0,406,0,0,0,40,0,0,0,0,0,8,0
20,20,35,42,9,90,49,0,19,4,0,28,0,2081,337,0,1057,254,0,433,0,0,0,40,0,0,0,0,0,8,0
20,20,35,42,9,90,49,0,20,5,0,29,0,2194,360,0,1100,273,0,461,0,0,0,40,0,0,0,0,0,8,0
20,20,36,42,9,90,49,0,20,5,0,30,0,2319,385,2,1145,293,2,490,2,0,0,39,0,0,0,1,0,10,0
20,20,36,43,9,90,49,0,21,5,0,31,0,2445,410,4,1190,313,4,520,4,0,0,39,0,0,0,1,0,11,0
20,20,36,43,9,90,48,0,22,5,0,32,0,2575,436,6,1236,334,6,551,6,0,0,79,0,0,0,1,0,11,0
20,20,36,43,9,90,48,0,22,5,0,35,0,2715,463,10,1283,356,10,583,10,0,0,78,0,0,0,2,0,11,0
20,20,36,43,9,90,48,0,23,5,0,36,0,2864,490,16,1330,378,16,618,16,0,0,77,0,0,0,3,0,11,0
20,20,37,44,9,90,47,0,27,7,0,37,0,3011,518,20,1378,401,20,654,20,0,0,117,0,0,1,2,1,12,0
20,20,38,44,9,90,46,0,27,8,0,39,0,3175,552,24,1432,428,24,691,24,0,0,156,0,0,1,2,1,13,0
20,19,38,44,9,90,46,0,27,8,0,42,0,3343,587,28,1487,455,28,730,28,0,0,156,0,0,1,2,1,14,0
20,17,40,44,9,90,46,0,27,8,0,42,0,3519,622,34,1541,482,34,772,34,0,0,155,0,0,0,3,1,15,0
20,9,41,44,9,90,46,0,28,8,0,43,0,3687,657,38,1593,509,38,814,38,0,0,155,0,0,1,2,1,15,0
20,0,41,44,9,90,46,1,28,11,0,44,0,2396,377,22,1190,255,22,508,22,0,0,106,0,0,1,2,2,15,0
20,0,42,44,9,90,46,2,28,11,0,45,0,2552,416,24,1229,283,24,552,24,0,0,106,0,0,2,1,3,15,0
20,0,42,44,9,90,46,3,28,14,0,45,0,2715,455,28,1268,311,28,597,28,0,0,105,0,0,0,2,3,15,0
20,0,42,45,9,90,44,3,27,14,0,45,0,1678,246,8,915,134,8,359,8,0,0,122,0,0,1,2,3,15,0
20,0,42,46,9,90,44,3,26,14,0,46,0,1850,287,14,956,161,14,404,14,0,0,121,0,0,0,3,3,15,0
20,0,43,47,9,90,43,3,25,16,0,48,0,2032,327,24,996,187,24,450,24,0,0,159,0,0,0,5,3,15,0
20,0,45,47,9,90,43,3,25,16,0,47,0,1242,164,20,676,72,20,270,20,0,0,99,0,0,1,5,3,15,0
20,0,45,47,9,90,41,3,24,17,0,51,0,750,89,17,427,26,17,157,17,0,0,122,0,0,1,6,4,15,0
20,0,46,48,9,90,40,3,24,16,0,52,0,937,130,27,468,50,27,208,27,0,0,161,0,0,3,5,5,15,0
20,0,47,48,9,90,40,3,24,16,0,54,0,1111,170,33,508,74,33,260,33,0,0,161,0,0,2,3,5,17,0
20,0,48,50,9,90,38,3,24,16,0,56,0,1293,210,41,548,98,41,314,41,0,0,239,0,0,3,4,5,17,0
20,0,50,51,9,90,37,3,24,16,0,56,0,1495,250,55,588,122,55,370,55,0,0,275,0,0,4,7,6,17,0
20,0,51,50,9,90,36,3,23,16,0,56,0,1733,290,81,628,146,81,426,81,0,0,306,0,0,6,13,8,17,0
20,0,53,51,9,90,35,3,23,18,0,57,0,1980,329,111,667,169,111,482,111,0,0,342,0,0,6,15,9,17,0
20,0,53,52,9,90,35,3,23,18,0,56,0,2250,370,147,708,192,147,539,147,0,0,334,0,0,9,18,9,18,0
20,0,53,54,9,90,35,4,23,18,0,57,0,2507,411,179,749,215,179,595,179,0,0,333,0,0,8,16,13,18,0
20,0,53,55,9,90,34,4,21,18,0,60,0,2783,452,217,790,238,217,652,217,0,0,367,0,0,8,18,15,19,0
20,0,53,54,9,90,33,4,21,19,0,58,0,3044,491,251,829,259,251,712,251,0,0,404,0,0,8,17,16,19,0
20,0,54,57,9,90,32,5,21,19,0,55,0,3329,531,293,869,280,293,770,293,0,0,437,0,0,7,21,17,19,0
20,0,54,57,9,90,31,5,21,19,0,55,0,3623,571,339,909,301,339,825,339,0,0,468,0,0,12,22,20,19,0
20,0,54,57,9,90,30,5,21,19,0,56,0,3911,611,383,949,322,383,880,383,0,0,504,0,0,13,21,21,18,1
20,0,55,58,9,90,29,7,21,19,0,55,0,4194,651,425,989,343,425,936,425,0,0,539,0,0,10,21,22,18,1
20,0,55,59,9,90,27,7,20,20,0,56,0,4500,691,475,1029,364,475,991,475,0,0,610,0,0,10,24,24,17,2
20,0,56,62,9,90,27,11,19,20,0,58,0,4800,731,523,1069,384,523,1047,523,0,0,600,0,0,14,24,27,17,2
20,0,56,62,9,90,27,11,19,21,0,58,0,5123,770,579,1108,403,579,1105,579,0,0,590,0,0,15,28,27,16,3
20,0,56,61,9,90,25,11,18,21,0,60,0,5460,810,639,1148,422,639,1163,639,0,0,660,0,2,16,29,31,16,3
20,0,56,60,9,90,23,11,18,21,0,61,0,5820,849,707,1187,440,707,1223,707,0,0,726,0,3,21,34,34,16,3
20,0,56,59,9,90,23,12,16,23,0,63,2,6187,888,777,1226,458,777,1284,777,0,0,716,0,4,25,34,36,15,4
20,0,56,58,9,90,23,13,16,23,0,63,2,6546,927,843,1265,474,843,1349,843,2,0,707,0,5,24,33,41,15,5
20,0,56,59,9,90,22,14,16,23,0,62,2,6917,966,913,1304,490,913,1414,913,4,0,736,0,6,28,35,43,14,7
20,0,56,59,9,90,21,14,15,23,0,63,3,7281,1005,981,1343,506,981,1478,981,6,0,766,0,7,30,34,45,14,7
20,0,56,59,9,90,19,16,15,23,0,62,4,7615,1043,1039,1381,521,1039,1544,1039,9,0,835,0,10,34,29,49,14,7
20,0,56,59,9,90,19,16,13,24,0,62,4,7986,1081,1109,1419,536,1109,1610,1109,13,0,820,0,13,33,33,50,14,7
20,0,56,59,9,90,19,18,13,24,0,60,4,8359,1118,1181,1456,549,1181,1676,1181,17,0,808,0,15,29,35,51,14,7
20,0,56,57,9,90,19,19,11,24,0,59,5,6193,742,951,1046,293,951,1253,951,6,0,581,0,4,29,38,51,13,8
20,0,56,57,9,90,18,21,10,24,0,60,5,6553,777,1021,1081,304,1021,1317,1021,11,0,614,0,6,32,34,51,13,8
20,0,57,56,9,90,17,22,8,24,0,61,5,6917,811,1093,1115,314,1093,1382,1093,16,0,641,0,9,31,35,51,13,8
20,0,57,55,9,90,16,24,8,24,0,62,5,7276,843,1165,1147,322,1165,1448,1165,21,0,669,0,12,32,35,51,13,8
20,0,58,54,9,90,16,26,8,25,0,60,5,7618,875,1231,1179,330,1231,1515,1231,26,0,665,0,19,29,32,51,13,8
20,0,58,55,9,90,22,29,7,25,0,60,5,7942,908,1291,1212,338,1291,1580,1291,31,0,739,0,24,27,28,50,11,9
20,0,58,55,9,90,21,32,6,26,0,58,7,8251,940,1347,1244,345,1347,1645,1347,36,0,767,0,31,30,28,51,11,10
20,0,58,54,9,90,20,36,6,27,0,55,8,8561,972,1403,1276,351,1403,1710,1403,43,0,799,0,40,29,28,51,11,10
20,0,57,53,9,90,27,37,4,28,0,60,8,8896,1005,1467,1309,357,1467,1773,1467,51,0,827,0,47,29,30,51,12,9
20,0,57,53,9,90,27,39,1,27,0,58,8,9238,1037,1533,1341,361,1533,1841,1533,59,0,817,0,55,30,31,52,11,10
20,0,57,54,9,90,25,42,1,26,0,57,8,6884,689,1216,956,185,1216,1392,1216,14,0,641,0,5,29,31,52,10,11
20,0,57,58,9,90,31,43,1,27,0,56,8,7198,716,1278,983,186,1278,1457,1278,22,0,710,0,13,31,31,53,10,10
20,0,57,57,9,90,29,43,1,29,0,55,9,7513,744,1340,1011,187,1340,1521,1340,30,0,782,0,19,30,30,53,10,10
20,0,57,55,9,90,28,44,0,26,0,53,9,7815,774,1396,1041,188,1396,1585,1396,39,0,813,0,26,30,26,53,9,11
20,0,57,54,9,90,27,45,0,27,0,55,10,8106,800,1452,1067,188,1452,1647,1452,48,0,839,0,33,30,28,54,9,12
20,0,57,54,9,90,27,45,0,25,0,57,10,8397,827,1506,1094,188,1506,1712,1506,58,0,831,0,43,30,27,55,8,13
20,0,57,53,9,90,24,46,0,24,0,56,10,8656,852,1550,1119,188,1550,1779,1550,68,0,942,0,52,32,22,55,7,15
20,0,57,55,9,90,22,47,0,27,0,59,10,8924,876,1598,1143,188,1598,1845,1598,78,0,1012,0,57,33,24,56,8,15
20,0,57,52,9,90,22,49,0,25,0,60,10,9237,903,1658,1170,188,1658,1914,1658,88,0,1004,0,62,31,28,56,8,15
