T-cell population,Th-cell population,B-cell population,APC population,Neuron population,Myelin health,Virus population,Plasma cell population,Th0 population,Th1 population,Th2 population,Tpato17 population,Treg17 population,Cytokine levels,IFN levels,TGF levels,IL-2 levels,IL-4 levels,IL-6 levels,IL-17 levels,IL-21 levels,IL-22 levels,MBP levels,EBNA1 levels,MBP antibody levels,EBNA1 antibody levels,B cells antigen presented,APC antigen attached,B cells activated,B cells latent,B cells lytic
20,20,21,22,9,90,0,0,0,0,0,3,0,20,0,0,20,0,0,0,0,0,0,0,0,0,0,0,0,0,0
20,20,22,22,9,90,0,0,0,0,0,3,0,43,0,0,40,0,0,3,0,0,0,0,0,0,0,0,0,0,0
20,20,23,23,9,90,0,0,0,0,0,4,0,66,0,0,60,0,0,6,0,0,0,0,0,0,0,0,0,0,0
20,20,24,23,9,90,0,0,0,0,0,4,0,90,0,0,80,0,0,10,0,0,0,0,0,0,0,0,0,0,0
20,20,24,23,9,90,50,0,0,0,0,6,0,114,0,0,100,0,0,14,0,0,0,0,0,0,0,0,0,0,0
20,20,24,23,9,90,50,0,0,0,0,7,0,140,0,0,120,0,0,20,0,0,0,0,0,0,0,0,0,0,0
20,20,24,23,9,90,50,0,2,0,0,8,0,167,0,0,140,0,0,27,0,0,0,0,0,0,0,0,0,0,0
20,20,24,24,9,90,50,0,3,0,0,10,0,201,2,0,162,2,0,35,0,0,0,0,0,0,0,0,0,2,0
20,20,24,25,9,90,50,0,4,0,0,10,0,240,5,0,185,5,0,45,0,0,0,0,0,0,0,0,0,2,0
20,20,24,26,9,90,50,0,4,1,0,10,0,282,9,0,209,9,0,55,0,0,0,0,0,0,0,0,0,3,0
20,20,24,26,9,90,50,0,5,1,0,11,0,326,14,0,234,13,0,65,0,0,0,0,0,0,0,0,0,3,0
20,20,25,26,9,90,50,0,7,1,0,11,0,374,20,0,260,18,0,76,0,0,0,0,0,0,0,0,0,3,0
20,20,26,26,9,90,50,0,8,2,0,11,0,428,28,0,288,25,0,87,0,0,0,0,0,0,0,0,0,4,0
20,20,27,24,9,90,50,0,9,2,0,12,0,178,9,0,138,6,0,25,0,0,0,0,0,0,0,0,0,4,0
20,20,27,26,9,90,50,0,9,2,0,12,0,83,6,0,65,3,0,9,0,0,0,0,0,0,0,0,0,4,0
20,20,28,26,9,90,50,0,9,2,0,12,0,146,17,0,96,12,0,21,0,0,0,0,0,0,0,0,0,4,0
20,20,28,24,9,90,50,0,9,2,0,14,0,209,28,0,127,21,0,33,0,0,0,0,0,0,0,0,0,5,0
20,20,28,21,9,90,50,0,10,2,0,15,0,274,39,0,158,30,0,47,0,0,0,0,0,0,0,0,0,6,0
20,20,28,20,9,90,50,0,10,2,0,17,0,343,51,0,190,40,0,62,0,0,0,0,0,0,0,0,0,6,0
20,20,29,18,9,90,50,0,11,2,0,18,0,414,63,0,222,50,0,79,0,0,0,0,0,0,0,0,0,6,0
20,20,29,20,9,90,50,0,12,2,0,18,0,489,76,0,255,61,0,97,0,0,0,0,0,0,0,0,0,6,0
20,20,29,20,9,90,50,0,12,2,0,19,0,567,90,0,289,73,0,115,0,0,0,0,0,0,0,0,0,6,0
20,20,29,21,9,90,50,0,13,2,0,22,0,646,104,0,323,85,0,134,0,0,0,0,0,0,0,0,0,7,0
20,20,29,20,9,90,50,0,13,2,0,23,0,731,119,0,358,98,0,156,0,0,0,0,0,0,0,0,0,7,0
20,20,29,20,9,90,50,0,13,3,0,26,0,817,134,0,393,111,0,179,0,0,0,0,0,0,0,0,0,8,0
20,20,28,19,9,90,50,0,14,3,0,29,0,908,150,0,429,124,0,205,0,0,0,0,0,0,0,0,0,8,0
20,20,28,16,9,90,50,0,15,3,0,30,0,1005,167,0,466,138,0,234,0,0,0,0,0,0,0,0,0,8,0
20,20,26,15,9,90,50,0,15,6,0,30,0,1106,185,0,504,153,0,264,0,0,0,0,0,0,0,0,0,8,0
20,20,27,15,9,90,50,0,15,6,0,33,0,1213,206,0,545,168,0,294,0,0,0,0,0,0,0,0,0,9,0
20,20,28,14,9,90,50,0,15,6,0,33,0,1323,227,0,586,183,0,327,0,0,0,0,0,0,0,0,0,9,0
20,20,28,12,9,90,50,0,17,7,0,36,0,1433,248,0,627,198,0,360,0,0,0,0,0,0,0,0,0,11,0
20,20,29,10,9,90,50,0,18,8,0,42,0,1554,272,0,671,215,0,396,0,0,0,0,0,0,0,0,0,11,0
20,20,29,9,9,90,50,0,18,9,0,45,0,1686,298,0,717,233,0,438,0,0,0,0,0,0,0,0,0,11,0
20,20,30,9,9,90,50,0,19,9,0,48,0,1823,325,0,764,251,0,483,0,0,0,0,0,0,0,0,0,11,0
20,20,31,7,9,90,50,0,20,11,0,49,0,1966,353,0,812,270,0,531,0,0,0,0,0,0,0,0,0,11,0
20,20,29,7,9,90,50,0,20,11,0,49,0,2117,384,0,863,290,0,580,0,0,0,0,0,0,0,0,0,10,0
20,20,30,7,9,90,50,0,21,11,0,50,0,2268,415,0,914,310,0,629,0,0,0,0,0,0,0,0,0,10,0
20,20,30,5,9,90,50,0,21,11,0,51,0,2423,447,0,966,331,0,679,0,0,0,0,0,0,0,0,0,10,0
20,20,31,5,9,90,50,0,22,13,0,52,0,2579,479,0,1018,352,0,730,0,0,0,0,0,0,0,0,0,10,0
20,20,31,6,9,90,50,0,22,13,0,54,0,2743,514,0,1073,374,0,782,0,0,0,0,0,0,0,0,0,10,0
20,20,31,5,9,90,50,0,22,14,0,56,0,2909,549,0,1128,396,0,836,0,0,0,0,0,0,0,0,0,10,0
20,20,31,5,9,90,50,0,23,16,0,57,0,3079,585,0,1184,418,0,892,0,0,0,0,0,0,0,0,0,10,0
20,20,31,5,9,90,50,0,23,16,0,59,0,3257,624,0,1243,441,0,949,0,0,0,0,0,0,0,0,0,11,0
20,20,31,5,9,90,50,0,24,17,0,59,0,3437,663,0,1302,464,0,1008,0,0,0,0,0,0,0,0,0,11,0
20,19,31,5,9,90,50,0,26,18,0,61,0,3622,704,0,1363,488,0,1067,0,0,0,0,0,0,0,0,0,11,0
20,18,31,5,9,90,50,0,26,19,0,63,0,3816,748,0,1426,514,0,1128,0,0,0,0,0,0,0,0,0,11,0
20,9,32,6,9,90,50,0,27,20,0,63,0,4013,793,0,1489,540,0,1191,0,0,0,0,0,0,0,0,0,11,0
20,0,34,6,9,90,50,0,27,21,0,62,0,4206,840,0,1545,567,0,1254,0,0,0,0,0,0,0,0,0,11,0
20,0,36,6,9,90,50,0,27,22,0,64,0,4391,888,0,1593,594,0,1316,0,0,0,0,0,0,0,0,0,11,0
20,0,36,6,9,90,50,0,27,22,0,65,0,4580,937,0,1642,621,0,1380,0,0,0,0,0,0,0,0,0,11,0
20,0,37,5,9,90,50,0,27,24,0,65,0,4770,986,0,1691,648,0,1445,0,0,0,0,0,0,0,0,0,11,0
20,0,38,5,9,90,50,0,26,25,0,68,0,4964,1037,0,1742,675,0,1510,0,0,0,0,0,0,0,0,0,11,0
20,0,37,5,9,90,50,0,26,26,0,65,0,5160,1088,0,1793,701,0,1578,0,0,0,0,0,0,0,0,0,11,0
20,0,36,5,9,90,50,0,25,29,0,66,0,5355,1140,0,1845,727,0,1643,0,0,0,0,0,0,0,0,0,11,0
20,0,36,5,9,90,50,0,24,30,0,66,0,5554,1194,0,1899,752,0,1709,0,0,0,0,0,0,0,0,0,11,0
20,0,35,4,9,90,50,0,24,30,0,72,0,5752,1248,0,1953,776,0,1775,0,0,0,0,0,0,0,0,0,11,0
20,0,35,4,9,90,50,0,23,29,0,75,0,5956,1302,0,2007,800,0,1847,0,0,0,0,0,0,0,0,0,11,0
20,0,36,4,9,90,50,0,21,30,0,79,0,6158,1354,0,2059,823,0,1922,0,0,0,0,0,0,0,0,0,11,0
20,0,36,4,9,90,50,0,21,31,0,80,0,6360,1405,0,2110,844,0,2001,0,0,0,0,0,0,0,0,0,11,0
20,0,37,4,9,90,50,0,20,31,0,80,0,6565,1457,0,2162,865,0,2081,0,0,0,0,0,0,0,0,0,11,0
20,0,36,3,9,90,50,0,19,31,0,81,0,6767,1508,0,2213,885,0,2161,0,0,0,0,0,0,0,0,0,11,0
20,0,36,3,9,90,50,0,18,32,0,83,0,6967,1558,0,2263,904,0,2242,0,0,0,0,0,0,0,0,0,11,0
20,0,37,3,9,90,50,0,18,32,0,84,0,7168,1608,0,2313,922,0,2325,0,0,0,0,0,0,0,0,0,10,0
20,0,37,3,9,90,50,0,18,33,0,87,0,7370,1658,0,2363,940,0,2409,0,0,0,0,0,0,0,0,0,10,0
20,0,37,1,9,90,50,0,18,34,0,89,0,7577,1709,0,2414,958,0,2496,0,0,0,0,0,0,0,0,0,10,0
20,0,38,1,9,90,50,0,17,34,0,89,0,7788,1761,0,2466,976,0,2585,0,0,0,0,0,0,0,0,0,9,0
20,0,40,0,9,90,50,0,16,34,0,91,0,7996,1812,0,2517,993,0,2674,0,0,0,0,0,0,0,0,0,9,0
20,0,40,0,9,90,50,0,16,36,0,90,0,8203,1862,0,2567,1009,0,2765,0,0,0,0,0,0,0,0,0,8,0
20,0,40,0,9,90,50,0,15,36,0,93,0,8413,1914,0,2619,1025,0,2855,0,0,0,0,0,0,0,0,0,8,0
20,0,42,0,9,90,50,0,14,36,0,92,0,8623,1965,0,2670,1040,0,2948,0,0,0,0,0,0,0,0,0,8,0
20,0,41,0,9,90,50,0,14,37,0,92,0,8829,2015,0,2720,1054,0,3040,0,0,0,0,0,0,0,0,0,7,0
20,0,41,0,9,90,50,0,14,37,0,94,0,9037,2066,0,2771,1068,0,3132,0,0,0,0,0,0,0,0,0,7,0
20,0,40,0,9,90,50,0,14,41,0,89,0,9247,2117,0,2822,1082,0,3226,0,0,0,0,0,0,0,0,0,8,0
20,0,40,0,9,90,50,0,13,42,0,88,0,9460,2172,0,2877,1096,0,3315,0,0,0,0,0,0,0,0,0,8,0
20,0,38,0,9,90,50,0,12,43,0,89,0,7621,1723,0,2385,704,0,2809,0,0,0,0,0,0,0,0,0,8,0
20,0,39,0,9,90,50,0,11,42,0,90,0,6007,1325,0,1932,421,0,2329,0,0,0,0,0,0,0,0,0,8,0
20,0,39,0,9,90,49,0,11,43,0,92,0,6214,1378,0,1985,432,0,2419,0,0,0,40,0,0,0,0,0,8,0
20,0,40,0,9,90,47,0,11,44,0,96,0,6425,1432,0,2039,443,0,2511,0,0,0,120,0,0,0,0,0,8,0
20,0,40,0,9,90,47,0,10,45,0,92,0,6642,1487,0,2094,454,0,2607,0,0,0,120,0,0,0,0,0,9,0
20,0,39,0,9,90,47,0,9,46,0,89,0,6854,1542,0,2149,464,0,2699,0,0,0,120,0,0,0,0,0,9,0
20,0,42,0,9,90,47,0,8,45,0,89,0,7062,1597,0,2204,473,0,2788,0,0,0,120,0,0,0,0,0,10,0
20,0,40,0,9,90,47,0,8,46,0,90,0,7265,1650,0,2257,481,0,2877,0,0,0,120,0,0,0,0,0,10,0
20,0,41,0,9,90,46,0,7,47,0,92,0,7471,1704,0,2311,489,0,2967,0,0,0,160,0,0,0,0,0,10,0
20,0,42,0,9,90,45,0,7,47,0,93,0,7678,1758,0,2365,496,0,3059,0,0,0,200,0,0,0,0,0,10,0
20,0,43,0,9,90,43,0,6,48,0,95,0,7886,1812,0,2419,503,0,3152,0,0,0,280,0,0,0,0,0,10,0
20,0,44,0,9,90,43,0,5,49,0,95,0,8095,1866,0,2473,509,0,3247,0,0,0,280,0,0,0,0,0,10,0
20,0,44,0,9,90,41,0,5,47,0,94,0,8303,1920,0,2527,514,0,3342,0,0,0,360,0,0,0,0,0,11,0
20,0,45,0,9,90,38,0,5,48,0,99,0,8506,1972,0,2579,519,0,3436,0,0,0,480,0,0,0,0,0,11,0
20,0,45,0,9,90,38,0,4,46,0,101,0,8716,2025,0,2632,524,0,3535,0,0,0,480,0,0,0,0,0,11,0
20,0,44,0,9,90,36,0,3,47,0,101,0,8921,2075,0,2682,528,0,3636,0,0,0,560,0,0,0,0,0,11,0
20,0,44,0,9,90,32,0,1,47,0,101,0,9125,2125,0,2732,531,0,3737,0,0,0,720,0,0,0,0,0,12,0
20,0,44,0,9,90,30,0,1,47,0,100,0,9323,2173,0,2780,532,0,3838,0,0,0,800,0,0,0,0,0,12,0
20,0,45,0,9,90,28,0,1,46,0,101,0,9520,2221,0,2828,533,0,3938,0,0,0,880,0,0,0,0,0,12,0
20,0,43,0,9,90,27,0,0,46,0,101,0,9716,2268,0,2875,534,0,4039,0,0,0,920,0,0,0,0,0,11,0
20,0,46,0,9,90,24,0,0,45,0,103,0,9909,2314,0,2921,534,0,4140,0,0,0,1040,0,0,0,0,0,11,0
20,0,47,0,9,90,24,0,0,43,0,106,0,10102,2359,0,2966,534,0,4243,0,0,0,1040,0,0,0,0,0,11,0
20,0,47,0,9,90,23,0,0,44,0,104,0,10294,2402,0,3009,534,0,4349,0,0,0,1080,0,0,0,0,0,11,0
20,0,48,0,9,90,22,0,0,43,0,109,0,10486,2446,0,3053,534,0,4453,0,0,0,1120,0,0,0,0,0,12,0
20,0,49,0,9,90,22,0,0,42,0,114,0,10681,2489,0,3096,534,0,4562,0,0,0,1120,0,0,0,0,0,12,0
20,0,47,0,9,90,20,0,0,41,0,116,0,10879,2531,0,3138,534,0,4676,0,0,0,1200,0,0,0,0,0,9,0
