T-cell population,Th-cell population,B-cell population,APC population,Neuron population,Myelin health,Virus population,Plasma cell population,Th0 population,Th1 population,Th2 population,Tpato17 population,Treg17 population,Cytokine levels,IFN levels,TGF levels,IL-2 levels,IL-4 levels,IL-6 levels,IL-17 levels,IL-21 levels,IL-22 levels,MBP levels,EBNA1 levels,MBP antibody levels,EBNA1 antibody levels,B cells antigen presented,APC antigen attached,B cells activated,B cells latent,B cells lytic
20,20,20,20,9,90,0,0,1,0,0,3,0,20,0,0,20,0,0,0,0,0,0,0,0,0,0,0,0,0,0
20,20,21,20,9,90,0,0,2,1,0,3,0,46,1,0,41,1,0,3,0,0,0,0,0,0,0,0,0,0,0
20,20,23,19,9,90,0,0,3,1,0,3,0,77,4,0,64,3,0,6,0,0,0,0,0,0,0,0,0,0,0
20,20,24,17,9,90,0,0,3,1,0,6,0,111,8,0,88,6,0,9,0,0,0,0,0,0,0,0,0,0,0
20,20,24,14,9,90,50,0,3,1,0,6,0,148,12,0,112,9,0,15,0,0,0,0,0,0,0,0,0,0,0
20,20,24,12,9,90,50,0,4,1,0,6,0,185,16,0,136,12,0,21,0,0,0,0,0,0,0,0,0,0,0
20,16,25,13,9,90,50,0,5,1,0,7,0,225,21,0,161,16,0,27,0,0,0,0,0,0,0,0,0,1,0
20,0,25,12,9,90,50,0,4,1,0,8,0,265,27,0,183,21,0,34,0,0,0,0,0,0,0,0,0,1,0
20,0,26,10,9,90,50,0,4,1,0,5,0,287,32,0,188,25,0,42,0,0,0,0,0,0,0,0,0,1,0
20,0,26,10,9,90,50,0,3,0,0,7,0,306,37,0,193,29,0,47,0,0,0,0,0,0,0,0,0,1,0
20,0,27,10,9,90,50,0,2,0,0,7,0,322,40,0,196,32,0,54,0,0,0,0,0,0,0,0,0,1,0
20,0,29,9,9,90,50,0,2,0,0,5,0,81,9,0,53,7,0,12,0,0,0,0,0,0,0,0,0,1,0
20,0,30,8,9,90,50,0,2,0,0,6,0,92,11,0,55,9,0,17,0,0,0,0,0,0,0,0,0,1,0
20,0,29,8,9,90,50,0,1,0,0,6,0,104,13,0,57,11,0,23,0,0,0,0,0,0,0,0,0,1,0
20,0,29,7,9,90,50,0,0,0,0,6,0,113,14,0,58,12,0,29,0,0,0,0,0,0,0,0,0,1,0
20,0,29,6,9,90,50,0,0,0,0,7,0,119,14,0,58,12,0,35,0,0,0,0,0,0,0,0,0,1,0
20,0,28,6,9,90,50,0,0,0,0,7,0,126,14,0,58,12,0,42,0,0,0,0,0,0,0,0,0,1,0
20,0,27,6,9,90,50,0,0,0,0,5,0,133,14,0,58,12,0,49,0,0,0,0,0,0,0,0,0,1,0
20,0,27,6,9,90,50,0,0,0,0,5,0,138,14,0,58,12,0,54,0,0,0,0,0,0,0,0,0,1,0
19,0,28,6,9,90,50,0,0,0,0,4,0,143,14,0,58,12,0,59,0,0,0,0,0,0,0,0,0,2,0
18,0,26,6,9,90,50,0,0,0,0,4,0,147,14,0,58,12,0,63,0,0,0,0,0,0,0,0,0,2,0
18,0,26,6,9,90,50,0,0,0,0,4,0,151,14,0,58,12,0,67,0,0,0,0,0,0,0,0,0,3,0
18,0,26,6,9,90,50,0,0,0,0,3,0,155,14,0,58,12,0,71,0,0,0,0,0,0,0,0,0,6,0
17,0,27,5,9,90,50,0,0,0,0,2,0,158,14,0,58,12,0,74,0,0,0,0,0,0,0,0,0,6,0
17,0,26,5,9,90,50,0,0,0,0,2,0,160,14,0,58,12,0,76,0,0,0,0,0,0,0,0,0,5,0
17,0,25,5,9,90,50,0,0,0,0,6,0,162,14,0,58,12,0,78,0,0,0,0,0,0,0,0,0,5,0
17,0,25,5,9,90,50,0,0,0,0,7,0,168,14,0,58,12,0,84,0,0,0,0,0,0,0,0,0,5,0
16,0,26,5,9,90,50,0,0,0,0,7,0,175,14,0,58,12,0,91,0,0,0,0,0,0,0,0,0,5,0
16,0,26,5,9,90,50,0,0,0,0,6,0,182,14,0,58,12,0,98,0,0,0,0,0,0,0,0,0,5,0
13,0,26,5,9,90,50,0,0,0,0,6,0,188,14,0,58,12,0,104,0,0,0,0,0,0,0,0,0,5,0
13,0,25,4,9,90,50,0,0,0,0,6,0,194,14,0,58,12,0,110,0,0,0,0,0,0,0,0,0,6,0
12,0,25,4,9,90,49,0,0,0,0,6,0,200,14,0,58,12,0,116,0,0,0,40,0,0,0,0,0,6,0
12,0,25,4,9,90,49,0,0,0,0,7,0,206,14,0,58,12,0,122,0,0,0,40,0,0,0,0,0,6,0
12,0,25,4,9,90,49,0,0,0,0,2,0,213,14,0,58,12,0,129,0,0,0,40,0,0,0,0,0,6,0
12,0,26,4,9,90,49,0,0,0,0,2,0,215,14,0,58,12,0,131,0,0,0,40,0,0,0,0,0,7,0
12,0,27,3,9,90,49,0,0,0,0,3,0,217,14,0,58,12,0,133,0,0,0,40,0,0,0,0,0,7,0
12,0,28,3,9,90,49,0,0,0,0,3,0,220,14,0,58,12,0,136,0,0,0,40,0,0,0,0,0,7,0
11,0,27,2,9,90,49,0,0,0,0,3,0,223,14,0,58,12,0,139,0,0,0,40,0,0,0,0,0,8,0
9,0,27,1,9,90,49,0,0,0,0,4,0,226,14,0,58,12,0,142,0,0,0,40,0,0,0,0,0,9,0
9,0,26,1,9,90,49,0,0,0,0,3,0,230,14,0,58,12,0,146,0,0,0,40,0,0,0,0,0,10,0
9,0,28,1,9,90,49,0,0,0,0,2,0,233,14,0,58,12,0,149,0,0,0,40,0,0,0,0,0,10,0
9,0,29,1,9,90,49,0,0,0,0,2,0,235,14,0,58,12,0,151,0,0,0,40,0,0,0,0,0,9,0
9,0,29,1,9,90,49,0,0,0,0,3,0,237,14,0,58,12,0,153,0,0,0,40,0,0,0,0,0,9,0
9,0,29,1,9,90,49,0,0,0,0,3,0,240,14,0,58,12,0,156,0,0,0,40,0,0,0,0,0,9,0
8,0,31,1,9,90,49,0,0,0,0,3,0,243,14,0,58,12,0,159,0,0,0,40,0,0,0,0,0,10,0
8,0,32,1,9,90,49,0,0,0,0,4,0,246,14,0,58,12,0,162,0,0,0,40,0,0,0,0,0,10,0
7,0,35,1,9,90,49,0,0,0,0,4,0,250,14,0,58,12,0,166,0,0,0,40,0,0,0,0,0,10,0
7,0,35,1,9,90,49,0,0,0,0,4,0,254,14,0,58,12,0,170,0,0,0,40,0,0,0,0,0,10,0
7,0,35,1,9,90,49,0,0,0,0,5,0,258,14,0,58,12,0,174,0,0,0,40,0,0,0,0,0,10,0
6,0,34,1,9,90,49,0,0,0,0,5,0,263,14,0,58,12,0,179,0,0,0,40,0,0,0,0,0,9,0
6,0,32,1,9,90,48,0,0,0,0,5,0,268,14,0,58,12,0,184,0,0,0,80,0,0,0,0,0,9,0
5,0,32,1,9,90,48,0,0,0,0,4,0,273,14,0,58,12,0,189,0,0,0,80,0,0,0,0,0,9,0
5,0,33,1,9,90,47,0,0,0,0,4,0,277,14,0,58,12,0,193,0,0,0,120,0,0,0,0,0,10,0
5,0,33,1,9,90,47,0,0,0,0,2,0,281,14,0,58,12,0,197,0,0,0,120,0,0,0,0,0,10,0
5,0,31,1,9,90,47,0,0,0,0,2,0,283,14,0,58,12,0,199,0,0,0,120,0,0,0,0,0,10,0
5,0,31,1,9,90,46,0,0,0,0,1,0,285,14,0,58,12,0,201,0,0,0,160,0,0,0,0,0,10,0
5,0,32,1,9,90,45,0,0,0,0,1,0,286,14,0,58,12,0,202,0,0,0,200,0,0,0,0,0,10,0
5,0,32,1,9,90,44,0,0,0,0,2,0,287,14,0,58,12,0,203,0,0,0,240,0,0,0,0,0,10,0
5,0,33,0,9,90,43,0,0,0,0,1,0,289,14,0,58,12,0,205,0,0,0,280,0,0,0,0,0,11,0
5,0,32,0,9,90,43,0,0,0,0,1,0,290,14,0,58,12,0,206,0,0,0,280,0,0,0,0,0,11,0
5,0,29,0,9,90,43,0,0,0,0,2,0,291,14,0,58,12,0,207,0,0,0,280,0,0,0,0,0,11,0
5,0,29,0,9,90,43,0,0,0,0,2,0,293,14,0,58,12,0,209,0,0,0,280,0,0,0,0,0,12,0
5,0,28,0,9,90,43,0,0,0,0,2,0,295,14,0,58,12,0,211,0,0,0,280,0,0,0,0,0,12,0
5,0,28,0,9,90,43,0,0,0,0,2,0,297,14,0,58,12,0,213,0,0,0,280,0,0,0,0,0,13,0
5,0,28,0,9,90,42,0,0,0,0,2,0,299,14,0,58,12,0,215,0,0,0,320,0,0,0,0,0,13,0
5,0,28,0,9,90,42,0,0,0,0,2,0,301,14,0,58,12,0,217,0,0,0,320,0,0,0,0,0,14,0
5,0,27,0,9,90,40,0,0,0,0,2,0,96,0,0,9,0,0,87,0,0,0,300,0,0,0,0,0,13,0
4,0,27,0,9,90,39,0,0,0,0,2,0,98,0,0,9,0,0,89,0,0,0,340,0,0,0,0,0,13,0
3,0,27,0,9,90,39,0,0,0,0,1,0,100,0,0,9,0,0,91,0,0,0,340,0,0,0,0,0,13,0
3,0,28,0,9,90,39,0,0,0,0,1,0,101,0,0,9,0,0,92,0,0,0,340,0,0,0,0,0,13,0
3,0,27,0,9,90,39,0,0,0,0,1,0,102,0,0,9,0,0,93,0,0,0,340,0,0,0,0,0,14,0
3,0,28,0,9,90,38,0,0,0,0,1,0,103,0,0,9,0,0,94,0,0,0,380,0,0,0,0,0,15,0
3,0,27,0,9,90,38,0,0,0,0,1,0,31,0,0,1,0,0,30,0,0,0,263,0,0,0,0,0,14,0
3,0,27,0,9,90,38,0,0,0,0,0,0,32,0,0,1,0,0,31,0,0,0,263,0,0,0,0,0,14,0
3,0,28,0,9,90,38,0,0,0,0,0,0,5,0,0,0,0,0,5,0,0,0,160,0,0,0,0,0,14,0
3,0,28,0,9,90,38,0,0,0,0,0,0,5,0,0,0,0,0,5,0,0,0,160,0,0,0,0,0,14,0
3,0,28,0,9,90,37,0,0,0,0,0,0,5,0,0,0,0,0,5,0,0,0,200,0,0,0,0,0,14,0
3,0,29,0,9,90,37,0,0,0,0,0,0,5,0,0,0,0,0,5,0,0,0,200,0,0,0,0,0,14,0
3,0,30,0,9,90,36,0,0,0,0,0,0,5,0,0,0,0,0,5,0,0,0,240,0,0,0,0,0,14,0
3,0,31,0,9,90,36,0,0,0,0,0,0,5,0,0,0,0,0,5,0,0,0,240,0,0,0,0,0,14,0
3,0,31,0,9,90,35,0,0,0,0,0,0,5,0,0,0,0,0,5,0,0,0,280,0,0,0,0,0,14,0
3,0,31,0,9,90,35,0,0,0,0,0,0,5,0,0,0,0,0,5,0,0,0,280,0,0,0,0,0,14,0
3,0,31,0,9,90,35,0,0,0,0,0,0,5,0,0,0,0,0,5,0,0,0,280,0,0,0,0,0,14,0
3,0,32,0,9,90,35,0,0,0,0,0,0,5,0,0,0,0,0,5,0,0,0,280,0,0,0,0,0,13,0
3,0,32,0,9,90,35,0,0,0,0,0,0,5,0,0,0,0,0,5,0,0,0,280,0,0,0,0,0,13,0
3,0,31,0,9,90,35,0,0,0,0,0,0,5,0,0,0,0,0,5,0,0,0,280,0,0,0,0,0,13,0
2,0,34,0,9,90,34,0,0,0,0,0,0,5,0,0,0,0,0,5,0,0,0,320,0,0,0,0,0,14,0
2,0,34,0,9,90,34,0,0,0,0,0,0,5,0,0,0,0,0,5,0,0,0,320,0,0,0,0,0,14,0
2,0,35,0,9,90,33,0,0,0,0,0,0,5,0,0,0,0,0,5,0,0,0,360,0,0,0,0,0,14,0
2,0,36,0,9,90,33,0,0,0,0,0,0,5,0,0,0,0,0,5,0,0,0,360,0,0,0,0,0,14,0
2,0,37,0,9,90,33,0,0,0,0,0,0,5,0,0,0,0,0,5,0,0,0,360,0,0,0,0,0,14,0
2,0,37,0,9,90,32,0,0,0,0,0,0,5,0,0,0,0,0,5,0,0,0,400,0,0,0,0,0,13,0
2,0,37,0,9,90,32,0,0,0,0,0,0,5,0,0,0,0,0,5,0,0,0,400,0,0,0,0,0,13,0
2,0,36,0,9,90,30,0,0,0,0,0,0,5,0,0,0,0,0,5,0,0,0,480,0,0,0,0,0,13,0
2,0,35,0,9,90,30,0,0,0,0,0,0,5,0,0,0,0,0,5,0,0,0,480,0,0,0,0,0,12,0
2,0,35,0,9,90,29,0,0,0,0,0,0,5,0,0,0,0,0,5,0,0,0,520,0,0,0,0,0,12,0
2,0,35,0,9,90,29,0,0,0,0,0,0,5,0,0,0,0,0,5,0,0,0,520,0,0,0,0,0,13,0
2,0,35,0,9,90,29,0,0,0,0,0,0,5,0,0,0,0,0,5,0,0,0,520,0,0,0,0,0,13,0
2,0,36,0,9,90,29,0,0,0,0,0,0,5,0,0,0,0,0,5,0,0,0,520,0,0,0,0,0,13,0
2,0,36,0,9,90,29,0,0,0,0,0,0,5,0,0,0,0,0,5,0,0,0,520,0,0,0,0,0,12,0
