T-cell population,Th-cell population,B-cell population,APC population,Neuron population,Myelin health,Virus population,Plasma cell population,Th0 population,Th1 population,Th2 population,Tpato17 population,Treg17 population,Cytokine levels,IFN levels,TGF levels,IL-2 levels,IL-4 levels,IL-6 levels,IL-17 levels,IL-21 levels,IL-22 levels,MBP levels,EBNA1 levels,MBP antibody levels,EBNA1 antibody levels,B cells antigen presented,APC antigen attached,B cells activated,B cells latent,B cells lytic
20,20,20,20,9,90,0,0,1,0,0,0,0,20,0,0,20,0,0,0,0,0,0,0,0,0,0,0,0,0,0
20,20,20,21,9,90,0,0,4,0,0,1,0,43,1,0,41,1,0,0,0,0,0,0,0,0,0,0,0,0,0
20,20,20,21,9,90,0,0,5,1,0,3,0,10,1,0,8,1,0,0,0,0,0,0,0,0,0,0,0,0,0
20,20,20,22,9,90,0,0,5,2,0,5,0,50,7,0,34,6,0,3,0,0,0,0,0,0,0,0,0,0,0
20,20,20,22,9,90,50,0,5,2,0,5,0,94,14,0,61,11,0,8,0,0,0,0,0,0,0,0,0,0,0
20,20,20,23,9,90,50,0,6,2,0,5,0,138,21,0,88,16,0,13,0,0,0,0,0,0,0,0,0,0,0
20,14,20,24,9,90,50,0,6,2,0,5,0,185,29,0,116,22,0,18,0,0,0,0,0,0,0,0,0,0,0
20,0,20,25,9,90,50,0,6,2,0,5,0,226,37,0,138,28,0,23,0,0,0,0,0,0,0,0,0,0,0
20,0,20,24,9,90,50,0,3,2,0,5,0,253,45,0,146,34,0,28,0,0,0,0,0,0,0,0,0,0,0
20,0,20,24,9,90,50,0,2,2,0,5,0,271,50,0,151,37,0,33,0,0,0,0,0,0,0,0,0,0,0
20,0,22,24,9,90,50,0,1,1,0,3,0,286,54,0,155,39,0,38,0,0,0,0,0,0,0,0,0,0,0
20,0,22,24,9,90,50,0,1,0,0,3,0,72,15,0,40,10,0,7,0,0,0,0,0,0,0,0,0,0,0
20,0,22,22,9,90,50,0,1,0,0,3,0,78,16,0,41,11,0,10,0,0,0,0,0,0,0,0,0,0,0
20,0,23,22,9,90,50,0,0,0,0,5,0,84,17,0,42,12,0,13,0,0,0,0,0,0,0,0,0,1,0
20,0,24,24,9,90,50,0,0,0,0,5,0,89,17,0,42,12,0,18,0,0,0,0,0,0,0,0,0,1,0
20,0,24,24,9,90,50,0,0,0,0,7,0,94,17,0,42,12,0,23,0,0,0,0,0,0,0,0,0,1,0
20,0,26,24,9,90,50,0,0,0,0,7,0,101,17,0,42,12,0,30,0,0,0,0,0,0,0,0,0,1,0
20,0,26,23,9,90,50,0,0,0,0,7,0,108,17,0,42,12,0,37,0,0,0,0,0,0,0,0,0,1,0
20,0,27,22,9,90,50,0,0,0,0,7,0,115,17,0,42,12,0,44,0,0,0,0,0,0,0,0,0,1,0
20,0,27,20,9,90,50,0,0,0,0,6,0,122,17,0,42,12,0,51,0,0,0,0,0,0,0,0,0,1,0
20,0,26,18,9,90,50,0,0,0,0,7,0,128,17,0,42,12,0,57,0,0,0,0,0,0,0,0,0,2,0
20,0,26,18,9,90,50,0,0,0,0,5,0,135,17,0,42,12,0,64,0,0,0,0,0,0,0,0,0,2,0
19,0,26,19,9,90,50,0,0,0,0,6,0,140,17,0,42,12,0,69,0,0,0,0,0,0,0,0,0,2,0
19,0,27,18,9,90,50,0,0,0,0,4,0,146,17,0,42,12,0,75,0,0,0,0,0,0,0,0,0,2,0
18,0,26,19,9,90,50,0,0,0,0,4,0,150,17,0,42,12,0,79,0,0,0,0,0,0,0,0,0,3,0
17,0,27,19,9,90,50,0,0,0,0,4,0,154,17,0,42,12,0,83,0,0,0,0,0,0,0,0,0,3,0
17,0,27,20,9,90,50,0,0,0,0,3,0,158,17,0,42,12,0,87,0,0,0,0,0,0,0,0,0,3,0
17,0,26,20,9,90,50,0,0,0,0,3,0,161,17,0,42,12,0,90,0,0,0,0,0,0,0,0,0,3,0
17,0,26,20,9,90,50,0,0,0,0,3,0,164,17,0,42,12,0,93,0,0,0,0,0,0,0,0,0,3,0
17,0,27,19,9,90,50,0,0,0,0,4,0,167,17,0,42,12,0,96,0,0,0,0,0,0,0,0,0,3,0
16,0,27,19,9,90,50,0,0,0,0,3,0,171,17,0,42,12,0,100,0,0,0,0,0,0,0,0,0,2,0
16,0,27,19,9,90,50,0,0,0,0,4,0,174,17,0,42,12,0,103,0,0,0,0,0,0,0,0,0,2,0
15,0,28,18,9,90,50,0,0,0,0,7,0,178,17,0,42,12,0,107,0,0,0,0,0,0,0,0,0,2,0
15,0,28,17,9,90,50,0,0,0,0,7,0,185,17,0,42,12,0,114,0,0,0,0,0,0,0,0,0,2,0
15,0,28,17,9,90,50,0,0,0,0,7,0,192,17,0,42,12,0,121,0,0,0,0,0,0,0,0,0,2,0
15,0,28,18,9,90,50,0,0,0,0,8,0,199,17,0,42,12,0,128,0,0,0,0,0,0,0,0,0,2,0
13,0,28,20,9,90,49,0,0,0,0,7,0,207,17,0,42,12,0,136,0,0,0,40,0,0,0,0,0,2,0
12,0,27,20,9,90,49,0,0,0,0,7,0,214,17,0,42,12,0,143,0,0,0,40,0,0,0,0,0,1,0
12,0,28,20,9,90,49,0,0,0,0,8,0,221,17,0,42,12,0,150,0,0,0,40,0,0,0,0,0,1,0
12,0,28,20,9,90,49,0,0,0,0,7,0,229,17,0,42,12,0,158,0,0,0,40,0,0,0,0,0,1,0
12,0,30,20,9,90,49,0,0,0,0,6,0,236,17,0,42,12,0,165,0,0,0,40,0,0,0,0,0,1,0
12,0,30,19,9,90,49,0,0,0,0,5,0,242,17,0,42,12,0,171,0,0,0,40,0,0,0,0,0,1,0
11,0,30,18,9,90,49,0,0,0,0,7,0,247,17,0,42,12,0,176,0,0,0,40,0,0,0,0,0,1,0
11,0,29,18,9,90,49,0,0,0,0,6,0,254,17,0,42,12,0,183,0,0,0,40,0,0,0,0,0,1,0
10,0,28,17,9,90,49,0,0,0,0,7,0,260,17,0,42,12,0,189,0,0,0,40,0,0,0,0,0,1,0
10,0,29,16,9,90,48,0,0,0,0,8,0,273,17,2,42,12,2,196,2,0,0,79,0,0,0,0,0,1,0
10,0,28,15,9,90,46,0,0,0,0,7,0,281,17,2,42,12,2,204,2,0,0,159,0,0,0,0,0,1,0
9,0,29,16,9,90,46,0,0,0,0,7,0,300,17,6,42,12,6,211,6,0,0,157,0,0,0,2,0,1,0
9,0,30,16,9,90,46,0,0,0,0,6,0,105,3,5,11,2,5,74,5,0,0,107,0,0,0,2,0,1,0
9,0,30,18,9,90,44,0,0,0,0,6,0,123,3,9,11,2,9,80,9,0,0,187,0,0,0,2,0,2,0
8,0,30,17,9,90,44,0,0,0,0,4,0,141,3,13,11,2,13,86,13,0,0,187,0,0,0,2,0,3,0
7,0,30,16,9,90,44,0,0,0,0,3,0,163,3,19,11,2,19,90,19,0,0,186,0,0,0,2,0,3,0
7,0,29,16,9,90,44,0,0,0,0,2,0,178,3,23,11,2,23,93,23,0,0,186,0,0,0,2,0,3,0
7,0,29,15,9,90,44,0,0,0,0,1,0,198,3,29,11,2,29,95,29,0,0,185,0,0,0,3,0,3,0
7,0,27,12,9,90,43,0,0,0,0,1,0,217,3,35,11,2,35,96,35,0,0,225,0,0,0,1,0,3,0
7,0,28,11,9,90,43,0,0,0,0,0,0,224,3,37,11,2,37,97,37,0,0,225,0,0,0,1,0,3,0
7,0,29,11,9,90,43,0,0,0,0,0,0,236,3,41,11,2,41,97,41,0,0,224,0,0,0,2,0,3,0
6,0,29,10,9,90,42,0,0,0,0,0,0,254,3,47,11,2,47,97,47,0,0,248,0,0,0,3,0,3,0
4,0,29,10,9,90,42,0,0,0,0,0,0,278,3,55,11,2,55,97,55,0,0,247,0,0,0,4,0,3,0
4,0,29,9,9,90,42,0,0,0,0,0,0,302,3,63,11,2,63,97,63,0,0,247,0,0,0,2,0,3,0
4,0,30,8,9,90,41,0,0,0,0,0,0,320,3,69,11,2,69,97,69,0,0,285,0,0,1,3,0,3,0
4,0,30,8,9,90,41,0,0,0,0,0,0,344,3,77,11,2,77,97,77,0,0,284,0,0,1,4,1,3,0
4,0,30,8,9,90,40,0,0,0,0,0,0,368,3,85,11,2,85,97,85,0,0,323,0,0,2,4,1,3,0
4,0,30,8,9,90,39,0,0,0,0,0,0,392,3,93,11,2,93,97,93,0,0,363,0,0,2,3,2,3,0
4,0,30,8,9,90,38,0,0,0,0,1,0,410,3,99,11,2,99,97,99,0,0,403,0,0,2,3,2,4,0
4,0,31,9,9,90,38,0,0,0,0,1,0,429,3,105,11,2,105,98,105,0,0,403,0,0,2,3,2,4,0
4,0,31,8,9,90,38,0,0,0,0,1,0,448,3,111,11,2,111,99,111,0,0,403,0,0,2,1,2,4,0
4,0,30,7,9,90,38,0,0,0,0,1,0,455,3,113,11,2,113,100,113,0,0,403,0,0,2,0,2,4,0
4,0,30,6,9,90,38,0,0,0,0,1,0,462,3,115,11,2,115,101,115,0,0,402,0,0,2,1,2,4,0
4,0,29,5,9,90,37,0,0,0,0,1,0,469,3,117,11,2,117,102,117,0,0,442,0,0,2,1,2,4,0
4,0,29,5,9,90,37,1,0,0,0,1,0,476,3,119,11,2,119,103,119,0,0,442,0,0,2,1,2,4,0
4,0,30,5,9,90,37,1,0,0,0,1,0,483,3,121,11,2,121,104,121,0,0,442,0,0,2,1,2,4,0
4,0,32,4,9,90,37,1,0,0,0,0,0,490,3,123,11,2,123,105,123,0,0,442,0,0,2,1,2,4,0
4,0,32,4,9,90,36,1,0,0,0,0,0,256,1,73,3,1,73,32,73,0,0,342,0,0,3,1,2,4,0
4,0,30,3,9,90,35,1,0,0,0,0,0,262,1,75,3,1,75,32,75,0,0,382,0,0,3,0,3,4,0
4,0,30,2,9,90,34,1,0,0,0,1,0,268,1,77,3,1,77,32,77,0,0,421,0,0,3,1,3,6,0
4,0,29,2,9,90,32,1,0,0,0,1,0,275,1,79,3,1,79,33,79,0,0,500,0,0,3,1,3,6,0
4,0,29,2,9,90,31,1,0,0,0,1,0,282,1,81,3,1,81,34,81,0,0,540,0,0,3,1,3,6,0
4,0,31,2,9,90,30,1,0,0,0,1,0,289,1,83,3,1,83,35,83,0,0,580,0,0,3,1,3,7,0
4,0,32,2,9,90,30,1,0,0,0,1,0,296,1,85,3,1,85,36,85,0,0,580,0,0,3,1,3,7,0
4,0,33,0,9,90,29,1,0,0,0,2,0,303,1,87,3,1,87,37,87,0,0,620,0,0,3,0,3,7,0
4,0,33,0,9,90,29,1,0,0,0,3,0,305,1,87,3,1,87,39,87,0,0,620,0,0,3,0,3,7,0
4,0,33,0,9,90,29,2,0,0,0,3,0,308,1,87,3,1,87,42,87,0,0,620,0,0,3,0,3,6,0
4,0,32,0,9,90,29,2,0,0,0,2,0,311,1,87,3,1,87,45,87,0,0,620,0,0,3,0,3,7,0
4,0,32,0,9,90,27,2,0,0,0,2,0,313,1,87,3,1,87,47,87,0,0,700,0,0,3,0,3,7,0
4,0,31,0,9,90,27,2,0,0,0,2,0,315,1,87,3,1,87,49,87,0,0,700,0,0,3,0,3,7,0
4,0,30,0,9,90,26,2,0,0,0,2,0,317,1,87,3,1,87,51,87,0,0,740,0,0,3,0,3,7,0
4,0,31,0,9,90,26,2,0,0,0,3,0,319,1,87,3,1,87,53,87,0,0,740,0,0,3,0,3,7,0
4,0,32,0,9,90,26,2,0,0,0,2,0,322,1,87,3,1,87,56,87,0,0,740,0,0,3,0,3,8,0
4,0,31,0,9,90,26,2,0,0,0,1,0,108,0,30,0,0,30,18,30,0,0,494,0,0,3,0,3,8,0
4,0,32,0,9,90,25,2,0,0,0,1,0,27,0,8,0,0,8,3,8,0,0,312,0,0,3,0,3,9,0
4,0,32,0,9,90,25,2,0,0,0,1,0,28,0,8,0,0,8,4,8,0,0,312,0,0,3,0,3,9,0
4,0,30,0,9,90,25,2,0,0,0,2,0,29,0,8,0,0,8,5,8,0,0,312,0,0,3,0,3,8,0
3,0,30,0,9,90,24,2,0,0,0,2,0,31,0,8,0,0,8,7,8,0,0,352,0,0,3,0,3,8,0
3,0,30,0,9,90,22,2,0,0,0,2,0,33,0,8,0,0,8,9,8,0,0,432,0,0,3,0,3,8,0
1,0,30,0,9,90,22,2,0,0,0,1,0,35,0,8,0,0,8,11,8,0,0,432,0,0,3,0,3,8,0
1,0,29,0,9,90,22,2,0,0,0,1,0,36,0,8,0,0,8,12,8,0,0,432,0,0,3,0,3,8,0
1,0,30,0,9,90,22,2,0,0,0,1,0,37,0,8,0,0,8,13,8,0,0,432,0,0,3,0,3,8,0
1,0,30,0,9,90,22,2,0,0,0,1,0,38,0,8,0,0,8,14,8,0,0,432,0,0,3,0,3,8,0
1,0,29,0,9,90,21,2,0,0,0,1,0,0,0,0,0,0,0,0,0,0,0,268,0,0,2,0,2,7,0
