T-cell population,Th-cell population,B-cell population,APC population,Neuron population,Myelin health,Virus population,Plasma cell population,Th0 population,Th1 population,Th2 population,Tpato17 population,Treg17 population,Cytokine levels,IFN levels,TGF levels,IL-2 levels,IL-4 levels,IL-6 levels,IL-17 levels,IL-21 levels,IL-22 levels,MBP levels,EBNA1 levels,MBP antibody levels,EBNA1 antibody levels,B cells antigen presented,APC antigen attached,B cells activated,B cells latent,B cells lytic
20,20,20,20,9,90,0,0,0,0,0,2,0,20,0,0,20,0,0,0,0,0,0,0,0,0,0,0,0,0,0
20,20,20,20,9,90,0,0,2,0,0,2,0,42,0,0,40,0,0,2,0,0,0,0,0,0,0,0,0,0,0
20,0,21,21,9,90,0,0,2,0,0,2,0,70,2,0,62,2,0,4,0,0,0,0,0,0,0,0,0,0,0
20,0,22,21,9,90,0,0,2,0,0,0,0,78,4,0,64,4,0,6,0,0,0,0,0,0,0,0,0,0,0
18,0,25,22,9,90,50,0,0,0,0,1,0,84,6,0,66,6,0,6,0,0,0,0,0,0,0,0,0,0,0
18,0,25,22,9,90,50,0,0,0,0,1,0,85,6,0,66,6,0,7,0,0,0,0,0,0,0,0,0,0,0
18,0,25,22,9,90,50,0,0,0,0,3,0,86,6,0,66,6,0,8,0,0,0,0,0,0,0,0,0,0,0
18,0,26,22,9,90,50,0,0,0,0,4,0,89,6,0,66,6,0,11,0,0,0,0,0,0,0,0,0,0,0
17,0,27,22,9,90,50,0,0,0,0,5,0,93,6,0,66,6,0,15,0,0,0,0,0,0,0,0,0,0,0
17,0,27,22,9,90,50,0,0,0,0,3,0,98,6,0,66,6,0,20,0,0,0,0,0,0,0,0,0,0,0
15,0,27,22,9,90,48,0,0,0,0,1,0,101,6,0,66,6,0,23,0,0,0,80,0,0,0,0,0,0,0
13,0,28,21,9,90,47,0,0,0,0,0,0,102,6,0,66,6,0,24,0,0,0,120,0,0,0,0,0,0,0
12,0,28,20,9,90,46,0,0,0,0,0,0,102,6,0,66,6,0,24,0,0,0,160,0,0,0,0,0,2,0
12,0,30,20,9,90,45,0,0,0,0,0,0,102,6,0,66,6,0,24,0,0,0,200,0,0,0,0,0,2,0
12,0,30,20,9,90,45,0,0,0,0,1,0,102,6,0,66,6,0,24,0,0,0,200,0,0,0,0,0,2,0
12,0,32,19,9,90,44,0,0,0,0,1,0,103,6,0,66,6,0,25,0,0,0,240,0,0,0,0,0,3,0
12,0,32,19,9,90,41,0,0,0,0,1,0,116,6,4,66,6,4,26,4,0,0,358,0,0,0,2,0,4,0
12,0,32,19,9,90,41,0,0,0,0,0,0,141,6,12,66,6,12,27,12,0,0,356,0,0,0,3,0,4,0
11,0,33,19,9,90,41,0,0,0,0,0,0,159,6,18,66,6,18,27,18,0,0,355,0,0,1,3,0,4,0
11,0,33,19,9,90,39,1,0,0,0,0,0,177,6,24,66,6,24,27,24,0,0,434,0,0,2,3,1,4,0
11,0,32,20,9,90,38,1,0,0,0,0,0,213,6,36,66,6,36,27,36,0,0,471,0,0,2,6,2,4,0
11,0,33,18,9,90,36,1,0,0,0,0,0,93,1,27,8,1,27,2,27,0,0,396,0,0,3,5,3,4,0
11,0,33,17,9,90,34,1,0,0,0,0,0,123,1,37,8,1,37,2,37,0,0,475,0,0,4,5,4,5,0
11,0,33,16,9,90,32,1,0,0,0,0,0,159,1,49,8,1,49,2,49,0,0,553,0,0,5,4,4,5,0
11,0,32,15,9,90,31,1,0,0,0,0,0,201,1,63,8,1,63,2,63,0,0,590,0,0,3,7,4,5,0
11,0,34,16,9,90,29,1,0,0,0,0,0,231,1,73,8,1,73,2,73,0,0,668,0,0,6,5,6,5,0
11,0,33,11,9,90,28,1,0,0,0,0,0,255,1,81,8,1,81,2,81,0,0,707,0,0,7,2,8,5,0
11,0,33,9,9,90,28,1,0,0,0,0,0,273,1,87,8,1,87,2,87,0,0,706,0,1,7,2,8,5,0
11,0,33,9,9,90,28,1,0,0,0,0,0,285,1,91,8,1,91,2,91,0,0,706,0,1,7,2,8,5,0
11,0,33,9,9,90,26,1,0,0,0,1,0,303,1,97,8,1,97,2,97,0,0,784,0,2,7,3,9,5,0
11,0,35,9,9,90,26,1,0,0,0,2,0,322,1,103,8,1,103,3,103,0,0,783,0,3,8,3,9,6,0
11,0,34,9,9,90,26,1,0,0,0,2,0,342,1,109,8,1,109,5,109,0,0,783,0,3,7,3,9,6,0
11,0,35,9,9,90,26,2,0,0,0,2,0,167,0,55,1,0,55,1,55,0,0,547,0,2,8,2,10,6,0
9,0,36,10,9,90,26,3,0,0,0,1,0,181,0,59,1,0,59,3,59,0,0,547,0,2,8,1,10,6,0
9,0,36,10,9,90,24,3,0,0,0,2,0,194,0,63,1,0,63,4,63,0,0,626,0,2,8,2,10,6,0
9,0,35,8,9,90,23,3,0,0,0,1,0,202,0,65,1,0,65,6,65,0,0,665,0,3,9,0,11,5,0
9,0,35,8,9,90,23,4,0,0,0,1,0,215,0,69,1,0,69,7,69,0,0,663,0,4,9,2,11,5,0
9,0,35,7,9,90,23,5,0,0,0,0,0,228,0,73,1,0,73,8,73,0,0,663,0,4,9,2,11,5,0
8,0,36,7,9,90,23,5,0,0,0,0,1,252,0,81,1,0,81,8,81,0,0,661,0,4,9,4,11,5,0
8,0,38,7,9,90,23,7,0,0,0,0,1,278,0,89,1,0,89,9,89,1,0,660,0,5,9,4,11,5,0
8,0,37,8,9,90,23,7,0,0,0,0,1,304,0,97,1,0,97,10,97,2,0,660,0,6,9,4,10,4,0
8,0,37,7,9,90,23,7,0,0,0,0,0,330,0,105,1,0,105,11,105,3,0,658,0,6,9,3,11,5,0
7,0,37,6,9,90,22,8,0,0,0,0,1,348,0,111,1,0,111,11,111,3,0,698,0,6,9,2,11,5,0
7,0,40,6,9,90,22,8,0,0,0,0,1,368,0,117,1,0,117,12,117,4,0,696,0,7,10,3,11,5,0
7,0,41,6,9,90,22,9,0,0,0,0,1,382,0,121,1,0,121,13,121,5,0,696,0,8,10,2,12,5,0
7,0,41,5,9,90,21,9,0,0,0,0,0,396,0,125,1,0,125,14,125,6,0,736,0,8,10,2,12,5,0
7,0,42,5,9,90,21,11,0,0,0,0,0,408,0,129,1,0,129,14,129,6,0,735,0,9,10,2,12,5,0
7,0,42,4,9,90,21,12,0,0,0,0,0,420,0,133,1,0,133,14,133,6,0,734,0,10,11,1,13,5,0
7,0,41,2,9,90,21,14,0,0,0,0,0,426,0,135,1,0,135,14,135,6,0,734,0,11,11,0,13,4,0
7,0,41,2,9,90,21,14,0,0,0,0,0,426,0,135,1,0,135,14,135,6,0,734,0,11,11,0,13,4,0
7,0,40,2,9,90,21,14,0,0,0,0,0,426,0,135,1,0,135,14,135,6,0,734,0,12,11,0,13,4,0
7,0,40,2,9,90,21,15,0,0,0,0,0,426,0,135,1,0,135,14,135,6,0,734,0,12,11,0,13,4,0
7,0,37,2,9,90,21,16,0,0,0,0,0,426,0,135,1,0,135,14,135,6,0,734,0,12,10,0,13,3,0
7,0,37,2,9,90,21,16,0,0,0,0,0,426,0,135,1,0,135,14,135,6,0,734,0,12,10,0,13,3,0
7,0,37,2,9,90,19,15,0,0,0,1,0,426,0,135,1,0,135,14,135,6,0,814,0,12,10,0,13,3,0
7,0,37,2,9,90,19,15,0,0,0,1,0,427,0,135,1,0,135,15,135,6,0,814,0,12,10,0,13,3,0
7,0,37,2,9,90,19,16,0,0,0,1,0,428,0,135,1,0,135,16,135,6,0,814,0,12,10,0,13,3,0
7,0,36,2,9,90,19,17,0,0,0,0,0,435,0,137,1,0,137,17,137,6,0,813,0,12,10,1,13,3,0
6,0,35,2,9,90,19,18,0,0,0,0,0,441,0,139,1,0,139,17,139,6,0,813,0,12,10,1,12,3,0
6,0,35,2,9,90,16,18,0,0,0,0,0,447,0,141,1,0,141,17,141,6,0,933,0,12,10,1,12,3,0
6,0,34,2,9,90,15,18,0,0,0,0,0,453,0,143,1,0,143,17,143,6,0,973,0,12,10,1,12,3,0
6,0,35,1,9,90,15,18,0,0,0,1,0,459,0,145,1,0,145,17,145,6,0,973,0,12,10,0,12,3,0
6,0,36,1,9,90,15,18,0,0,0,1,0,460,0,145,1,0,145,18,145,6,0,973,0,12,10,0,12,3,0
6,0,36,1,9,90,14,17,0,0,0,1,0,461,0,145,1,0,145,19,145,6,0,1013,0,12,10,0,12,3,0
6,0,36,1,9,90,14,17,0,0,0,0,0,462,0,145,1,0,145,20,145,6,0,1013,0,12,10,0,12,3,0
5,0,37,1,9,90,14,18,0,0,0,0,0,462,0,145,1,0,145,20,145,6,0,1013,0,12,10,0,12,3,0
5,0,35,1,9,90,14,20,0,0,0,0,0,462,0,145,1,0,145,20,145,6,0,1013,0,12,10,0,13,3,0
5,0,34,1,9,90,14,20,0,0,0,0,0,462,0,145,1,0,145,20,145,6,0,1013,0,12,10,0,13,3,0
5,0,32,1,9,90,12,21,0,0,0,1,0,462,0,145,1,0,145,20,145,6,0,1093,0,12,8,0,11,3,0
5,0,33,1,9,90,12,22,0,0,0,1,0,463,0,145,1,0,145,21,145,6,0,1093,0,12,8,0,11,3,0
5,0,32,0,9,90,12,22,0,0,0,1,0,464,0,145,1,0,145,22,145,6,0,1093,0,12,7,0,11,2,0
5,0,32,0,9,90,12,23,0,0,0,0,0,465,0,145,1,0,145,23,145,6,0,1093,0,12,7,0,11,3,0
4,0,33,0,9,90,12,26,0,0,0,0,0,465,0,145,1,0,145,23,145,6,0,1093,0,12,7,0,11,3,0
4,0,33,0,9,90,12,27,0,0,0,0,0,465,0,145,1,0,145,23,145,6,0,1093,0,12,7,0,11,3,0
4,0,33,0,9,90,11,28,0,0,0,0,0,465,0,145,1,0,145,23,145,6,0,1133,0,12,7,0,11,3,0
4,0,34,0,9,90,10,27,0,0,0,0,0,465,0,145,1,0,145,23,145,6,0,1173,0,12,7,0,11,3,0
4,0,34,0,9,90,10,27,0,0,0,0,0,465,0,145,1,0,145,23,145,6,0,1173,0,12,7,0,11,3,0
4,0,36,0,9,90,9,27,0,0,0,0,0,465,0,145,1,0,145,23,145,6,0,1213,0,12,7,0,11,3,0
4,0,39,0,9,90,9,28,0,0,0,0,0,465,0,145,1,0,145,23,145,6,0,1213,0,12,7,0,11,3,0
4,0,41,0,9,90,9,29,0,0,0,0,0,233,0,75,0,0,75,6,75,2,0,872,0,3,7,0,11,3,0
4,0,40,0,9,90,9,29,0,0,0,0,0,233,0,75,0,0,75,6,75,2,0,872,0,3,6,0,10,4,0
4,0,40,0,9,90,9,30,0,0,0,0,0,233,0,75,0,0,75,6,75,2,0,872,0,3,6,0,10,4,0
4,0,40,0,9,90,9,30,0,0,0,0,0,233,0,75,0,0,75,6,75,2,0,872,0,3,6,0,10,4,0
4,0,41,0,9,90,9,32,0,0,0,0,0,233,0,75,0,0,75,6,75,2,0,872,0,3,6,0,10,4,0
4,0,39,0,9,90,8,32,0,0,0,0,0,233,0,75,0,0,75,6,75,2,0,897,0,3,5,0,8,3,0
4,0,39,0,9,90,8,35,0,0,0,1,0,233,0,75,0,0,75,6,75,2,0,897,0,3,5,0,8,3,0
4,0,40,0,9,90,8,38,0,0,0,1,0,234,0,75,0,0,75,7,75,2,0,897,0,3,5,0,8,3,0
4,0,42,0,9,90,7,38,0,0,0,1,0,235,0,75,0,0,75,8,75,2,0,937,0,3,5,0,8,3,0
4,0,41,0,9,90,7,41,0,0,0,0,0,236,0,75,0,0,75,9,75,2,0,937,0,3,5,0,9,3,0
3,0,40,0,9,90,7,42,0,0,0,0,0,236,0,75,0,0,75,9,75,2,0,937,0,3,5,0,9,3,0
3,0,39,0,9,90,7,44,0,0,0,1,0,236,0,75,0,0,75,9,75,2,0,937,0,3,4,0,8,3,0
3,0,40,0,9,90,7,44,0,0,0,1,0,96,0,32,0,0,32,0,32,0,0,608,0,0,4,0,8,4,0
3,0,41,0,9,90,7,44,0,0,0,1,0,97,0,32,0,0,32,1,32,0,0,608,0,0,4,0,8,4,0
3,0,40,0,9,90,7,44,0,0,0,0,0,98,0,32,0,0,32,2,32,0,0,608,0,0,3,0,7,4,0
2,0,39,0,9,90,6,47,0,0,0,0,0,98,0,32,0,0,32,2,32,0,0,648,0,0,3,0,7,3,0
2,0,39,0,9,90,5,48,0,0,0,0,0,98,0,32,0,0,32,2,32,0,0,688,0,0,3,0,7,2,0
2,0,38,0,9,90,5,49,0,0,0,0,0,45,0,15,0,0,15,0,15,0,0,406,0,0,3,0,7,2,0
2,0,37,0,9,90,5,49,0,0,0,0,0,45,0,15,0,0,15,0,15,0,0,406,0,0,3,0,7,2,0
2,0,37,0,9,90,5,54,0,0,0,0,0,45,0,15,0,0,15,0,15,0,0,406,0,0,3,0,7,3,0
2,0,36,0,9,90,4,52,0,0,0,0,0,18,0,6,0,0,6,0,6,0,0,250,0,0,3,0,6,2,0
