T-cell population,Th-cell population,B-cell population,APC population,Neuron population,Myelin health,Virus population,Plasma cell population,Th0 population,Th1 population,Th2 population,Tpato17 population,Treg17 population,Cytokine levels,IFN levels,TGF levels,IL-2 levels,IL-4 levels,IL-6 levels,IL-17 levels,IL-21 levels,IL-22 levels,MBP levels,EBNA1 levels,MBP antibody levels,EBNA1 antibody levels,B cells antigen presented,APC antigen attached,B cells activated,B cells latent,B cells lytic
20,20,20,21,9,90,0,0,3,0,0,1,0,20,0,0,20,0,0,0,0,0,0,0,0,0,0,0,0,0,0
20,20,20,21,9,90,0,0,4,0,0,1,0,50,3,0,43,3,0,1,0,0,0,0,0,0,0,0,0,0,0
20,20,21,21,9,90,0,0,4,0,0,2,0,83,7,0,67,7,0,2,0,0,0,0,0,0,0,0,0,0,0
20,20,23,21,9,90,0,0,6,0,0,5,0,117,11,0,91,11,0,4,0,0,0,0,0,0,0,0,0,0,0
20,20,23,21,9,90,50,0,8,0,0,6,0,160,17,0,117,17,0,9,0,0,0,0,0,0,0,0,0,0,0
20,20,23,21,9,90,50,0,9,0,0,6,0,210,25,0,145,25,0,15,0,0,0,0,0,0,0,0,0,1,0
20,20,24,22,9,90,50,0,9,0,0,6,0,263,34,0,174,34,0,21,0,0,0,0,0,0,0,0,0,1,0
20,20,24,23,9,90,50,0,9,0,0,7,0,316,43,0,203,43,0,27,0,0,0,0,0,0,0,0,0,2,0
20,20,24,23,9,90,50,0,10,0,0,9,0,370,52,0,232,52,0,34,0,0,0,0,0,0,0,0,0,2,0
20,20,24,24,9,90,49,0,10,0,0,10,0,435,62,2,262,62,2,43,2,0,0,39,0,0,0,1,0,2,0
20,19,25,24,9,90,47,0,10,0,0,12,0,501,72,4,292,72,4,53,4,0,0,119,0,0,0,1,0,2,0
20,13,26,24,9,90,45,0,10,0,0,12,0,562,82,4,321,82,4,65,4,0,0,199,0,0,1,0,1,2,0
20,0,27,25,9,90,45,0,11,0,0,12,0,623,92,6,344,92,6,77,6,0,0,198,0,0,0,1,1,2,0
20,0,27,25,9,90,45,0,8,0,0,12,0,674,103,8,355,103,8,89,8,0,0,198,0,0,0,1,1,2,0
20,0,28,24,9,90,45,0,7,0,0,14,0,722,111,12,363,111,12,101,12,0,0,197,0,0,0,2,1,2,0
20,0,28,23,9,90,44,0,7,0,0,13,0,769,118,16,370,118,16,115,16,0,0,237,0,0,0,2,1,2,0
20,0,28,24,9,90,42,0,5,2,0,11,0,833,125,26,377,125,26,128,26,0,0,314,0,0,0,5,1,2,0
20,0,29,20,9,90,41,0,2,2,0,10,0,911,132,42,384,130,42,139,42,0,0,350,0,0,1,7,1,4,0
20,0,30,19,9,90,41,0,2,2,0,10,0,967,136,54,388,132,54,149,54,0,0,350,0,0,2,6,2,4,0
20,0,31,19,9,90,41,0,2,2,0,10,0,1023,140,66,392,134,66,159,66,0,0,350,0,0,2,6,3,5,0
20,0,32,19,9,90,40,0,2,2,0,10,0,1073,144,76,396,136,76,169,76,0,0,390,0,0,3,5,3,5,0
20,0,32,16,9,90,38,1,1,2,0,9,0,1135,148,90,400,138,90,179,90,0,0,468,0,0,2,5,3,5,0
20,0,32,12,9,90,38,1,1,2,0,9,0,1181,151,100,403,139,100,188,100,0,0,467,0,0,2,3,4,5,0
20,0,34,10,9,90,37,1,1,2,0,8,0,1221,154,108,406,140,108,197,108,0,0,506,0,0,2,4,4,5,0
20,0,33,9,9,90,36,1,1,2,0,10,0,585,55,72,190,45,72,79,72,0,0,391,0,0,3,4,4,5,0
20,0,35,9,9,90,36,1,0,2,0,10,0,626,58,80,193,46,80,89,80,0,0,391,0,0,3,4,4,5,0
20,0,35,8,9,90,35,1,0,2,0,10,0,664,60,88,195,46,88,99,88,0,0,430,0,0,3,3,4,5,0
20,0,36,6,9,90,35,2,0,2,0,9,0,696,62,94,197,46,94,109,94,0,0,430,0,0,3,1,4,6,0
20,0,35,6,9,90,35,2,0,2,0,9,0,721,64,98,199,46,98,118,98,0,0,429,0,0,3,2,4,6,0
20,0,34,5,9,90,34,2,0,0,0,9,0,752,66,104,201,46,104,127,104,0,0,468,0,0,3,3,3,6,0
20,0,34,5,9,90,33,3,0,0,0,9,0,779,66,110,201,46,110,136,110,0,0,508,0,0,3,2,3,7,0
20,0,34,5,9,90,31,3,0,0,0,11,0,794,66,112,201,46,112,145,112,0,0,588,0,0,4,1,4,7,0
20,0,34,5,9,90,31,3,0,0,0,11,0,817,66,116,201,46,116,156,116,0,0,587,0,0,4,2,4,7,0
20,0,34,4,9,90,31,3,0,0,0,10,0,840,66,120,201,46,120,167,120,0,0,587,0,0,4,1,4,7,0
20,0,36,3,9,90,29,3,0,0,0,10,0,862,66,124,201,46,124,177,124,0,0,666,0,0,4,2,4,7,0
20,0,36,3,9,90,29,3,0,0,0,9,0,884,66,128,201,46,128,187,128,0,0,666,0,0,4,2,4,7,0
20,0,34,3,9,90,28,3,0,0,0,11,0,905,66,132,201,46,132,196,132,0,0,705,0,0,4,2,4,7,0
20,0,34,3,9,90,28,3,0,0,0,10,0,928,66,136,201,46,136,207,136,0,0,704,0,0,4,2,4,7,0
18,0,35,3,9,90,27,3,0,0,0,12,0,950,66,140,201,46,140,217,140,0,0,743,0,0,4,1,4,7,0
18,0,36,3,9,90,25,3,0,0,0,11,0,980,66,146,201,46,146,229,146,0,0,821,0,0,4,3,4,8,0
18,0,36,3,9,90,25,3,0,0,0,11,0,1009,66,152,201,46,152,240,152,0,0,820,0,0,5,3,5,8,0
18,0,36,3,9,90,25,3,0,0,0,11,0,1038,66,158,201,46,158,251,158,0,0,820,0,0,5,2,5,8,0
18,0,36,3,9,90,24,3,0,0,0,12,0,1067,66,164,201,46,164,262,164,0,0,859,0,0,5,3,5,9,0
18,0,37,3,9,90,23,3,0,0,0,11,0,1097,66,170,201,46,170,274,170,0,0,899,0,0,5,3,5,9,0
17,0,37,3,9,90,22,3,0,0,0,10,0,1120,66,174,201,46,174,285,174,0,0,939,0,0,6,2,6,9,0
17,0,37,4,9,90,22,3,0,0,0,9,0,1142,66,178,201,46,178,295,178,0,0,939,0,0,5,2,6,9,0
17,0,37,3,9,90,22,3,0,0,0,10,0,1163,66,182,201,46,182,304,182,0,0,938,0,0,5,1,6,9,0
17,0,38,3,9,90,22,3,0,0,0,9,0,1179,66,184,201,46,184,314,184,0,0,938,0,0,5,1,7,10,0
17,0,38,2,9,90,21,3,0,0,0,10,0,1194,66,186,201,46,186,323,186,0,0,978,0,0,5,0,7,10,0
17,0,38,2,9,90,20,4,0,0,0,8,0,587,18,105,87,13,105,154,105,0,0,772,0,0,5,1,7,10,0
15,0,37,2,9,90,20,5,0,0,0,7,0,601,18,107,87,13,107,162,107,0,0,772,0,0,5,1,7,9,0
15,0,37,2,9,90,20,5,0,0,0,6,0,614,18,109,87,13,109,169,109,0,0,772,0,0,5,1,7,9,0
14,0,37,2,9,90,19,6,0,0,0,5,0,626,18,111,87,13,111,175,111,0,0,812,0,0,5,1,7,9,0
14,0,36,1,9,90,19,6,0,0,0,5,0,637,18,113,87,13,113,180,113,0,0,812,0,0,5,1,7,9,0
14,0,36,1,9,90,19,6,0,0,0,6,0,648,18,115,87,13,115,185,115,0,0,811,0,0,5,1,7,9,0
13,0,36,1,9,90,18,6,0,0,0,5,0,660,18,117,87,13,117,191,117,0,0,851,0,1,5,1,7,9,0
13,0,36,1,9,90,18,7,0,0,0,6,0,671,18,119,87,13,119,196,119,0,0,850,0,1,5,1,7,9,0
12,0,36,0,9,90,18,7,0,0,0,6,0,683,18,121,87,13,121,202,121,0,0,849,0,2,4,0,6,10,0
12,0,37,0,9,90,18,8,0,0,0,8,0,689,18,121,87,13,121,208,121,0,0,849,0,2,4,0,6,10,0
12,0,37,0,9,90,17,8,0,0,0,8,0,697,18,121,87,13,121,216,121,0,0,889,0,3,4,0,6,9,0
11,0,37,0,9,90,16,8,0,0,0,7,0,705,18,121,87,13,121,224,121,0,0,929,0,4,4,0,6,9,0
11,0,37,0,9,90,16,8,0,0,0,8,0,712,18,121,87,13,121,231,121,0,0,929,0,4,4,0,6,9,0
11,0,37,0,9,90,16,8,0,0,0,8,0,720,18,121,87,13,121,239,121,0,0,929,0,5,4,0,6,9,0
11,0,37,0,9,90,16,7,0,0,0,8,0,728,18,121,87,13,121,247,121,0,0,929,0,5,4,0,6,9,0
11,0,37,0,9,90,16,7,0,0,0,7,0,736,18,121,87,13,121,255,121,0,0,929,0,5,4,0,6,9,0
11,0,37,0,9,90,16,8,0,0,0,8,0,743,18,121,87,13,121,262,121,0,0,929,0,5,4,0,6,9,0
11,0,37,0,9,90,16,8,0,0,0,8,0,751,18,121,87,13,121,270,121,0,0,929,0,5,4,0,6,9,0
11,0,37,0,9,90,16,9,0,0,0,8,0,759,18,121,87,13,121,278,121,0,0,929,0,5,4,0,6,9,0
11,0,38,0,9,90,16,9,0,0,0,9,0,767,18,121,87,13,121,286,121,0,0,929,0,5,4,0,6,9,0
11,0,41,0,9,90,16,9,0,0,0,8,1,776,18,121,87,13,121,295,121,0,0,929,0,5,4,0,6,9,0
10,0,41,0,9,90,15,11,0,0,0,8,1,346,2,57,28,2,57,143,57,0,0,702,0,0,4,0,6,9,0
10,0,41,0,9,90,15,12,0,0,0,6,1,356,2,57,28,2,57,152,57,1,0,702,0,0,4,0,6,9,0
10,0,40,0,9,90,14,12,0,0,0,5,1,364,2,57,28,2,57,159,57,2,0,742,0,0,4,0,6,9,0
10,0,40,0,9,90,14,12,0,0,0,4,1,371,2,57,28,2,57,165,57,3,0,742,0,0,4,0,6,9,0
10,0,39,0,9,90,14,12,0,0,0,5,1,377,2,57,28,2,57,170,57,4,0,742,0,0,4,0,7,8,0
10,0,39,0,9,90,14,12,0,0,0,6,1,384,2,57,28,2,57,176,57,5,0,742,0,0,4,0,7,8,0
10,0,39,0,9,90,14,14,0,0,0,8,1,392,2,57,28,2,57,183,57,6,0,742,0,0,4,0,7,8,0
10,0,41,0,9,90,14,14,0,0,0,7,1,142,0,21,3,0,21,75,21,1,0,513,0,0,4,0,7,8,0
9,0,40,0,9,90,14,14,0,0,0,8,1,151,0,21,3,0,21,83,21,2,0,513,0,0,4,0,7,8,0
9,0,41,0,9,90,14,14,0,0,0,8,1,161,0,21,3,0,21,92,21,3,0,513,0,0,4,0,7,8,0
9,0,42,0,9,90,12,15,0,0,0,7,1,171,0,21,3,0,21,101,21,4,0,593,0,0,4,0,7,8,0
9,0,42,0,9,90,12,15,0,0,0,7,1,180,0,21,3,0,21,109,21,5,0,593,0,0,4,0,7,9,0
9,0,43,0,9,90,12,15,0,0,0,7,0,189,0,21,3,0,21,117,21,6,0,593,0,0,4,0,7,9,0
8,0,43,0,9,90,12,15,0,0,0,7,0,196,0,21,3,0,21,124,21,6,0,593,0,0,4,0,7,9,0
8,0,44,0,9,90,12,14,0,0,0,7,0,203,0,21,3,0,21,131,21,6,0,593,0,0,4,0,7,9,0
8,0,45,0,9,90,11,14,0,0,0,7,0,210,0,21,3,0,21,138,21,6,0,633,0,0,4,0,7,9,0
8,0,47,0,9,90,10,14,0,0,0,9,0,217,0,21,3,0,21,145,21,6,0,673,0,0,4,0,7,9,0
8,0,46,0,9,90,8,15,0,0,0,8,0,226,0,21,3,0,21,154,21,6,0,753,0,0,4,0,7,8,0
8,0,47,0,9,90,8,14,0,0,0,7,0,234,0,21,3,0,21,162,21,6,0,753,0,0,4,0,7,8,0
8,0,47,0,9,90,8,14,0,0,0,6,0,241,0,21,3,0,21,169,21,6,0,753,0,0,4,0,7,8,0
8,0,47,0,9,90,8,14,0,0,0,8,0,247,0,21,3,0,21,175,21,6,0,753,0,0,4,0,7,8,0
8,0,46,0,9,90,7,15,0,0,0,7,0,255,0,21,3,0,21,183,21,6,0,793,0,0,3,0,6,7,0
8,0,47,0,9,90,7,17,0,0,0,6,0,262,0,21,3,0,21,190,21,6,0,793,0,0,3,0,6,7,0
8,0,47,0,9,90,7,16,0,0,0,6,0,268,0,21,3,0,21,196,21,6,0,793,0,0,3,0,6,7,0
8,0,47,0,9,90,7,17,0,0,0,7,0,274,0,21,3,0,21,202,21,6,0,793,0,0,3,0,6,7,0
8,0,47,0,9,90,7,16,0,0,0,8,0,281,0,21,3,0,21,209,21,6,0,793,0,0,3,0,6,6,0
7,0,48,0,9,90,7,16,0,0,0,8,0,289,0,21,3,0,21,217,21,6,0,793,0,0,3,0,6,6,0
7,0,48,0,9,90,7,16,0,0,0,8,0,297,0,21,3,0,21,225,21,6,0,793,0,0,3,0,6,6,0
6,0,48,0,9,90,7,18,0,0,0,7,0,305,0,21,3,0,21,233,21,6,0,793,0,0,3,0,6,6,0
6,0,49,0,9,90,7,18,0,0,0,6,0,312,0,21,3,0,21,240,21,6,0,793,0,0,3,0,6,6,0
