T-cell population,Th-cell population,B-cell population,APC population,Neuron population,Myelin health,Virus population,Plasma cell population,Th0 population,Th1 population,Th2 population,Tpato17 population,Treg17 population,Cytokine levels,IFN levels,TGF levels,IL-2 levels,IL-4 levels,IL-6 levels,IL-17 levels,IL-21 levels,IL-22 levels,MBP levels,EBNA1 levels,MBP antibody levels,EBNA1 antibody levels,B cells antigen presented,APC antigen attached,B cells activated,B cells latent,B cells lytic
20,20,21,21,9,90,0,0,0,0,0,0,0,20,0,0,20,0,0,0,0,0,0,0,0,0,0,0,0,0,0
20,20,21,22,9,90,0,0,1,0,0,0,0,40,0,0,40,0,0,0,0,0,0,0,0,0,0,0,0,0,0
20,20,21,23,9,90,0,0,2,0,0,0,0,63,1,0,61,1,0,0,0,0,0,0,0,0,0,0,0,0,0
20,20,21,23,9,90,0,0,3,0,0,0,0,16,0,0,16,0,0,0,0,0,0,0,0,0,0,0,0,0,0
20,20,21,24,9,90,50,0,4,0,0,0,0,45,3,0,39,3,0,0,0,0,0,0,0,0,0,0,0,0,0
20,20,21,24,9,90,50,0,5,0,0,2,0,77,7,0,63,7,0,0,0,0,0,0,0,0,0,0,0,1,0
20,20,21,25,9,90,50,0,5,0,0,2,0,114,12,0,88,12,0,2,0,0,0,0,0,0,0,0,0,1,0
20,20,21,26,9,90,50,0,5,0,0,5,0,151,17,0,113,17,0,4,0,0,0,0,0,0,0,0,0,1,0
20,20,21,26,9,90,50,0,5,0,0,5,0,191,22,0,138,22,0,9,0,0,0,0,0,0,0,0,0,1,0
20,20,22,27,9,90,50,0,6,0,0,7,0,231,27,0,163,27,0,14,0,0,0,0,0,0,0,0,0,1,0
20,20,23,27,9,90,50,0,7,0,0,9,0,276,33,0,189,33,0,21,0,0,0,0,0,0,0,0,0,1,0
20,20,24,27,9,90,50,0,8,0,0,9,0,326,40,0,216,40,0,30,0,0,0,0,0,0,0,0,0,1,0
20,19,24,28,9,90,50,0,9,0,0,9,0,379,48,0,244,48,0,39,0,0,0,0,0,0,0,0,0,1,0
20,13,25,29,9,90,50,0,9,0,0,9,0,434,57,0,272,57,0,48,0,0,0,0,0,0,0,0,0,2,0
20,0,26,31,9,90,50,0,9,0,0,10,0,483,66,0,294,66,0,57,0,0,0,0,0,0,0,0,0,2,0
20,0,27,31,9,90,50,0,9,1,0,10,0,520,75,0,303,75,0,67,0,0,0,0,0,0,0,0,0,2,0
20,0,28,33,9,90,50,0,8,1,0,11,0,559,85,0,313,84,0,77,0,0,0,0,0,0,0,0,0,2,0
20,0,28,32,9,90,50,0,7,1,0,11,0,596,94,0,322,92,0,88,0,0,0,0,0,0,0,0,0,2,0
20,0,28,31,9,90,50,0,6,2,0,14,0,630,102,0,330,99,0,99,0,0,0,0,0,0,0,0,0,3,0
20,0,29,31,9,90,50,0,4,2,0,14,0,666,110,0,338,105,0,113,0,0,0,0,0,0,0,0,0,4,0
20,0,29,32,9,90,50,0,4,2,0,12,0,696,116,0,344,109,0,127,0,0,0,0,0,0,0,0,0,6,0
20,0,31,33,9,90,50,0,4,2,0,14,0,724,122,0,350,113,0,139,0,0,0,0,0,0,0,0,0,6,0
20,0,32,33,9,90,50,0,4,2,0,11,0,754,128,0,356,117,0,153,0,0,0,0,0,0,0,0,0,6,0
20,0,33,31,9,90,50,0,3,2,0,11,0,781,134,0,362,121,0,164,0,0,0,0,0,0,0,0,0,6,0
20,0,33,31,9,90,50,0,3,2,0,12,0,805,139,0,367,124,0,175,0,0,0,0,0,0,0,0,0,6,0
20,0,33,30,9,90,50,0,2,2,0,13,0,830,144,0,372,127,0,187,0,0,0,0,0,0,0,0,0,7,0
20,0,33,29,9,90,50,0,1,2,0,14,0,853,148,0,376,129,0,200,0,0,0,0,0,0,0,0,0,7,0
20,0,34,29,9,90,50,0,0,2,0,15,0,874,151,0,379,130,0,214,0,0,0,0,0,0,0,0,0,7,0
20,0,34,29,9,90,50,0,0,2,0,15,0,893,153,0,381,130,0,229,0,0,0,0,0,0,0,0,0,7,0
20,0,34,29,9,90,50,0,0,2,0,16,0,912,155,0,383,130,0,244,0,0,0,0,0,0,0,0,0,7,0
20,0,34,27,9,90,50,0,0,1,0,15,0,932,157,0,385,130,0,260,0,0,0,0,0,0,0,0,0,7,0
20,0,35,26,9,90,50,0,0,1,0,16,0,949,158,0,386,130,0,275,0,0,0,0,0,0,0,0,0,7,0
20,0,37,27,9,90,50,0,0,1,0,16,0,967,159,0,387,130,0,291,0,0,0,0,0,0,0,0,0,7,0
20,0,37,28,9,90,50,0,0,0,0,15,0,985,160,0,388,130,0,307,0,0,0,0,0,0,0,0,0,9,0
20,0,37,27,9,90,50,0,0,0,0,17,0,416,62,0,183,44,0,127,0,0,0,0,0,0,0,0,0,10,0
20,0,38,27,9,90,50,0,0,0,0,17,0,433,62,0,183,44,0,144,0,0,0,0,0,0,0,0,0,11,0
20,0,38,25,9,90,50,0,0,0,0,16,0,450,62,0,183,44,0,161,0,0,0,0,0,0,0,0,0,11,0
20,0,38,25,9,90,50,0,0,0,0,16,0,466,62,0,183,44,0,177,0,0,0,0,0,0,0,0,0,11,0
20,0,39,24,9,90,50,0,0,0,0,17,0,482,62,0,183,44,0,193,0,0,0,0,0,0,0,0,0,12,0
20,0,40,22,9,90,50,0,0,0,0,16,0,499,62,0,183,44,0,210,0,0,0,0,0,0,0,0,0,13,0
19,0,40,21,9,90,50,0,0,0,0,13,0,515,62,0,183,44,0,226,0,0,0,0,0,0,0,0,0,14,0
19,0,41,21,9,90,50,0,0,0,0,13,0,528,62,0,183,44,0,239,0,0,0,0,0,0,0,0,0,15,0
19,0,43,20,9,90,50,0,0,0,0,13,0,541,62,0,183,44,0,252,0,0,0,0,0,0,0,0,0,15,0
19,0,44,21,9,90,50,0,0,0,0,12,0,554,62,0,183,44,0,265,0,0,0,0,0,0,0,0,0,15,0
18,0,45,21,9,90,50,0,0,0,0,11,0,566,62,0,183,44,0,277,0,0,0,0,0,0,0,0,0,15,0
18,0,46,19,9,90,50,0,0,0,0,12,0,577,62,0,183,44,0,288,0,0,0,0,0,0,0,0,0,15,0
18,0,46,18,9,90,50,0,0,0,0,13,0,589,62,0,183,44,0,300,0,0,0,0,0,0,0,0,0,15,0
18,0,46,18,9,90,50,0,0,0,0,13,0,602,62,0,183,44,0,313,0,0,0,0,0,0,0,0,0,15,0
18,0,46,18,9,90,50,0,0,0,0,13,0,615,62,0,183,44,0,326,0,0,0,0,0,0,0,0,0,15,0
18,0,46,18,9,90,50,0,0,0,0,13,0,628,62,0,183,44,0,339,0,0,0,0,0,0,0,0,0,15,0
18,0,47,18,9,90,50,0,0,0,0,15,0,641,62,0,183,44,0,352,0,0,0,0,0,0,0,0,0,15,0
18,0,50,18,9,90,50,0,0,0,0,14,0,656,62,0,183,44,0,367,0,0,0,0,0,0,0,0,0,15,0
18,0,52,17,9,90,50,0,0,0,0,15,0,670,62,0,183,44,0,381,0,0,0,0,0,0,0,0,0,15,0
18,0,53,17,9,90,50,0,0,0,0,14,0,685,62,0,183,44,0,396,0,0,0,0,0,0,0,0,0,15,0
18,0,54,17,9,90,50,0,0,0,0,14,0,699,62,0,183,44,0,410,0,0,0,0,0,0,0,0,0,14,0
18,0,54,15,9,90,50,0,0,0,0,15,0,713,62,0,183,44,0,424,0,0,0,0,0,0,0,0,0,14,0
18,0,54,15,9,90,50,0,0,0,0,15,0,728,62,0,183,44,0,439,0,0,0,0,0,0,0,0,0,15,0
18,0,56,16,9,90,50,0,0,0,0,16,0,743,62,0,183,44,0,454,0,0,0,0,0,0,0,0,0,15,0
18,0,57,17,9,90,50,0,0,0,0,18,0,320,20,0,75,16,0,209,0,0,0,0,0,0,0,0,0,16,0
18,0,57,16,9,90,50,0,0,0,0,18,0,338,20,0,75,16,0,227,0,0,0,0,0,0,0,0,0,16,0
18,0,58,15,9,90,50,0,0,0,0,17,0,356,20,0,75,16,0,245,0,0,0,0,0,0,0,0,0,16,0
18,0,60,16,9,90,50,0,0,0,0,15,0,373,20,0,75,16,0,262,0,0,0,0,0,0,0,0,0,16,0
18,0,60,16,9,90,50,0,0,0,0,15,0,388,20,0,75,16,0,277,0,0,0,0,0,0,0,0,0,17,0
18,0,61,15,9,90,50,0,0,0,0,12,0,403,20,0,75,16,0,292,0,0,0,0,0,0,0,0,0,18,0
18,0,61,15,9,90,50,0,0,0,0,14,0,415,20,0,75,16,0,304,0,0,0,0,0,0,0,0,0,18,0
17,0,64,13,9,90,50,0,0,0,0,13,0,429,20,0,75,16,0,318,0,0,0,0,0,0,0,0,0,19,0
17,0,65,12,9,90,50,0,0,0,0,14,0,442,20,0,75,16,0,331,0,0,0,0,0,0,0,0,0,21,0
17,0,69,12,9,90,50,0,0,0,0,12,0,456,20,0,75,16,0,345,0,0,0,0,0,0,0,0,0,21,0
16,0,69,12,9,90,50,0,0,0,0,12,0,468,20,0,75,16,0,357,0,0,0,0,0,0,0,0,0,21,0
15,0,71,12,9,90,50,0,0,0,0,13,0,480,20,0,75,16,0,369,0,0,0,0,0,0,0,0,0,21,0
15,0,70,12,9,90,50,0,0,0,0,11,0,493,20,0,75,16,0,382,0,0,0,0,0,0,0,0,0,20,0
15,0,68,13,9,90,50,0,0,0,0,9,0,504,20,0,75,16,0,393,0,0,0,0,0,0,0,0,0,21,0
15,0,68,13,9,90,50,0,0,0,0,9,0,513,20,0,75,16,0,402,0,0,0,0,0,0,0,0,0,21,0
15,0,69,13,9,90,50,0,0,0,0,9,0,522,20,0,75,16,0,411,0,0,0,0,0,0,0,0,0,21,0
15,0,71,12,9,90,49,0,0,0,0,9,0,531,20,0,75,16,0,420,0,0,0,40,0,0,0,0,0,22,0
15,0,71,11,9,90,49,0,0,0,0,9,0,540,20,0,75,16,0,429,0,0,0,40,0,0,0,0,0,23,0
14,0,73,11,9,90,49,0,0,0,0,10,0,549,20,0,75,16,0,438,0,0,0,40,0,0,0,0,0,23,0
14,0,75,11,9,90,48,0,0,0,0,11,0,559,20,0,75,16,0,448,0,0,0,80,0,0,0,0,0,23,0
13,0,77,11,9,90,47,0,0,0,0,9,0,570,20,0,75,16,0,459,0,0,0,120,0,0,0,0,0,24,0
13,0,79,11,9,90,47,0,0,0,0,9,0,579,20,0,75,16,0,468,0,0,0,120,0,0,0,0,0,24,0
12,0,81,11,9,90,47,0,0,0,0,9,0,588,20,0,75,16,0,477,0,0,0,120,0,0,0,0,0,25,0
12,0,83,11,9,90,47,0,0,0,0,10,0,597,20,0,75,16,0,486,0,0,0,120,0,0,0,0,0,26,0
12,0,86,12,9,90,47,0,0,0,0,11,0,257,3,0,23,3,0,228,0,0,0,85,0,0,0,0,0,27,0
12,0,87,12,9,90,47,0,0,0,0,11,0,268,3,0,23,3,0,239,0,0,0,85,0,0,0,0,0,27,0
12,0,92,11,9,90,47,0,0,0,0,10,0,279,3,0,23,3,0,250,0,0,0,85,0,0,0,0,0,27,0
11,0,94,11,9,90,47,0,0,0,0,10,0,289,3,0,23,3,0,260,0,0,0,85,0,0,0,0,0,27,0
11,0,96,9,9,90,47,0,0,0,0,11,0,299,3,0,23,3,0,270,0,0,0,85,0,0,0,0,0,27,0
11,0,99,9,9,90,47,0,0,0,0,9,0,310,3,0,23,3,0,281,0,0,0,85,0,0,0,0,0,27,0
11,0,100,9,9,90,46,0,0,0,0,9,0,319,3,0,23,3,0,290,0,0,0,125,0,0,0,0,0,28,0
10,0,104,9,9,90,46,0,0,0,0,9,0,328,3,0,23,3,0,299,0,0,0,125,0,0,0,0,0,29,0
9,0,106,9,9,90,46,0,0,0,0,11,0,337,3,0,23,3,0,308,0,0,0,125,0,0,0,0,0,29,0
9,0,108,8,9,90,46,0,0,0,0,9,0,348,3,0,23,3,0,319,0,0,0,125,0,0,0,0,0,29,0
9,0,109,8,9,90,46,0,0,0,0,8,0,357,3,0,23,3,0,328,0,0,0,125,0,0,0,0,0,29,0
8,0,111,8,9,90,46,0,0,0,0,8,0,365,3,0,23,3,0,336,0,0,0,125,0,0,0,0,0,29,0
8,0,112,9,9,90,46,0,0,0,0,8,0,373,3,0,23,3,0,344,0,0,0,125,0,0,0,0,0,29,0
8,0,115,10,9,90,46,0,0,0,0,7,0,381,3,0,23,3,0,352,0,0,0,125,0,0,0,0,0,32,0
8,0,116,11,9,90,46,0,0,0,0,6,0,394,3,2,23,3,2,359,2,0,0,124,0,0,0,1,0,33,0
8,0,120,10,9,90,46,0,0,0,0,6,0,406,3,4,23,3,4,365,4,0,0,123,0,0,1,0,0,33,0
7,0,123,10,9,90,46,1,0,0,0,6,0,418,3,6,23,3,6,371,6,0,0,122,0,0,1,1,1,34,0
7,0,125,10,9,90,46,1,0,0,0,5,0,436,3,10,23,3,10,377,10,0,0,121,0,0,1,2,1,35,0
