T-cell population,Th-cell population,B-cell population,APC population,Neuron population,Myelin health,Virus population,Plasma cell population,Th0 population,Th1 population,Th2 population,Tpato17 population,Treg17 population,Cytokine levels,IFN levels,TGF levels,IL-2 levels,IL-4 levels,IL-6 levels,IL-17 levels,IL-21 levels,IL-22 levels,MBP levels,EBNA1 levels,MBP antibody levels,EBNA1 antibody levels,B cells antigen presented,APC antigen attached,B cells activated,B cells latent,B cells lytic
20,20,21,20,9,90,0,0,1,0,0,0,0,20,0,0,20,0,0,0,0,0,0,0,0,0,0,0,0,0,0
20,20,21,20,9,90,0,0,2,0,0,2,0,43,1,0,41,1,0,0,0,0,0,0,0,0,0,0,0,0,0
20,20,21,20,9,90,0,0,3,0,0,2,0,71,3,0,63,3,0,2,0,0,0,0,0,0,0,0,0,0,0
20,20,21,20,9,90,0,0,4,0,0,3,0,17,1,0,15,1,0,0,0,0,0,0,0,0,0,0,0,0,0
20,20,21,20,9,90,50,0,5,0,0,3,0,52,5,0,39,5,0,3,0,0,0,0,0,0,0,0,0,0,0
20,20,21,20,9,90,50,0,5,0,0,3,0,90,10,0,64,10,0,6,0,0,0,0,0,0,0,0,0,1,0
20,20,22,20,9,90,50,0,5,0,0,3,0,128,15,0,89,15,0,9,0,0,0,0,0,0,0,0,0,1,0
20,20,24,20,9,90,50,0,6,0,0,4,0,166,20,0,114,20,0,12,0,0,0,0,0,0,0,0,0,1,0
20,20,24,21,9,90,50,0,6,0,0,5,0,208,26,0,140,26,0,16,0,0,0,0,0,0,0,0,0,1,0
20,20,24,21,9,90,50,0,7,1,0,5,0,251,32,0,166,32,0,21,0,0,0,0,0,0,0,0,0,1,0
20,20,25,21,9,90,50,0,7,1,0,6,0,69,5,0,54,4,0,6,0,0,0,0,0,0,0,0,0,1,0
20,20,25,22,9,90,50,0,9,2,0,7,0,118,13,0,82,11,0,12,0,0,0,0,0,0,0,0,0,1,0
20,20,25,23,9,90,50,0,9,2,0,9,0,176,24,0,113,20,0,19,0,0,0,0,0,0,0,0,0,1,0
20,11,26,23,9,90,50,0,9,3,0,12,0,236,35,0,144,29,0,28,0,0,0,0,0,0,0,0,0,1,0
20,0,26,24,9,90,50,0,9,3,0,13,0,292,47,0,167,38,0,40,0,0,0,0,0,0,0,0,0,1,0
20,0,26,25,9,90,50,0,8,3,0,13,0,338,59,0,179,47,0,53,0,0,0,0,0,0,0,0,0,1,0
20,0,27,25,9,90,50,0,8,3,0,13,0,381,70,0,190,55,0,66,0,0,0,0,0,0,0,0,0,1,0
20,0,27,25,9,90,50,0,7,3,0,13,0,424,81,0,201,63,0,79,0,0,0,0,0,0,0,0,0,1,0
20,0,27,25,9,90,50,0,6,3,0,12,0,464,91,0,211,70,0,92,0,0,0,0,0,0,0,0,0,2,0
20,0,27,25,9,90,50,0,5,4,0,12,0,500,100,0,220,76,0,104,0,0,0,0,0,0,0,0,0,2,0
20,0,28,25,9,90,50,0,5,4,0,12,0,535,109,0,229,81,0,116,0,0,0,0,0,0,0,0,0,2,0
20,0,28,26,9,90,50,0,4,5,0,12,0,570,118,0,238,86,0,128,0,0,0,0,0,0,0,0,0,2,0
20,0,28,26,9,90,50,0,4,7,0,11,0,604,127,0,247,90,0,140,0,0,0,0,0,0,0,0,0,2,0
20,0,28,26,9,90,50,0,3,7,0,11,0,641,138,0,258,94,0,151,0,0,0,0,0,0,0,0,0,3,0
20,0,28,27,9,90,50,0,3,6,0,13,0,229,44,0,99,25,0,61,0,0,0,0,0,0,0,0,0,3,0
20,0,28,28,9,90,50,0,2,6,0,13,0,263,53,0,108,28,0,74,0,0,0,0,0,0,0,0,0,3,0
20,0,28,30,9,90,50,0,1,5,0,13,0,294,61,0,116,30,0,87,0,0,0,0,0,0,0,0,0,4,0
20,0,28,30,9,90,50,0,1,4,0,11,0,320,67,0,122,31,0,100,0,0,0,0,0,0,0,0,0,5,0
20,0,29,31,9,90,50,0,0,4,0,9,0,342,72,0,127,32,0,111,0,0,0,0,0,0,0,0,0,5,0
20,0,30,31,9,90,50,0,0,4,0,9,0,359,76,0,131,32,0,120,0,0,0,0,0,0,0,0,0,5,0
20,0,30,32,9,90,50,0,0,4,0,9,0,376,80,0,135,32,0,129,0,0,0,0,0,0,0,0,0,5,0
20,0,30,30,9,90,50,0,0,4,0,11,0,393,84,0,139,32,0,138,0,0,0,0,0,0,0,0,0,5,0
20,0,31,29,9,90,50,0,0,4,0,13,0,412,88,0,143,32,0,149,0,0,0,0,0,0,0,0,0,5,0
20,0,31,30,9,90,50,0,0,4,0,13,0,433,92,0,147,32,0,162,0,0,0,0,0,0,0,0,0,5,0
20,0,31,29,9,90,50,0,0,3,0,14,0,454,96,0,151,32,0,175,0,0,0,0,0,0,0,0,0,5,0
20,0,33,29,9,90,49,0,0,4,0,15,0,474,99,0,154,32,0,189,0,0,0,40,0,0,0,0,0,5,0
20,0,35,27,9,90,48,0,0,2,0,16,0,497,103,0,158,32,0,204,0,0,0,80,0,0,0,0,0,5,0
20,0,35,27,9,90,47,0,0,1,0,19,0,517,105,0,160,32,0,220,0,0,0,120,0,0,0,0,0,5,0
20,0,36,28,9,90,47,0,0,1,0,19,0,544,106,2,161,32,2,239,2,0,0,119,0,0,0,1,0,6,0
20,0,38,28,9,90,47,0,0,1,0,16,0,571,107,4,162,32,4,258,4,0,0,118,0,0,1,1,1,7,0
20,0,41,29,9,90,47,0,0,2,0,17,0,601,108,8,163,32,8,274,8,0,0,117,0,0,1,2,1,7,0
19,0,42,29,9,90,47,0,0,2,0,18,0,628,110,10,165,32,10,291,10,0,0,117,0,0,2,1,1,8,0
19,0,42,28,9,90,47,0,0,2,0,18,0,656,112,12,167,32,12,309,12,0,0,117,0,0,2,1,2,8,0
19,0,42,26,9,90,47,0,0,2,0,21,0,690,114,16,169,32,16,327,16,0,0,116,0,0,1,2,2,11,0
19,0,43,24,9,90,47,0,0,2,0,21,0,733,116,22,171,32,22,348,22,0,0,114,0,0,2,3,2,12,0
19,0,45,24,9,90,47,0,0,2,0,20,0,776,118,28,173,32,28,369,28,0,0,114,0,0,2,3,2,12,0
19,0,46,24,9,90,47,0,0,2,0,17,0,824,120,36,175,32,36,389,36,0,0,113,0,0,2,4,2,13,0
19,0,48,23,9,90,47,0,0,2,0,16,0,857,122,40,177,32,40,406,40,0,0,113,0,0,3,2,2,13,0
19,0,48,21,9,90,46,0,0,2,0,16,0,889,124,44,179,32,44,422,44,0,0,153,0,0,3,1,3,13,0
18,0,48,21,9,90,45,0,0,1,0,16,0,927,126,50,181,32,50,438,50,0,0,191,0,0,2,3,3,13,0
18,0,49,21,9,90,45,0,0,1,0,14,0,975,127,60,182,32,60,454,60,0,0,187,0,0,3,5,3,13,0
18,0,51,21,9,90,45,0,0,1,0,17,0,1015,128,68,183,32,68,468,68,0,0,186,0,0,5,4,4,13,0
18,0,52,21,9,90,44,0,0,1,0,15,0,1064,129,78,184,32,78,485,78,0,0,225,0,0,4,5,5,13,0
17,0,53,21,9,90,44,1,0,1,0,15,0,1111,130,88,185,32,88,500,88,0,0,224,0,0,5,5,5,13,0
17,0,53,18,9,90,44,1,0,1,0,15,0,1158,131,98,186,32,98,515,98,0,0,224,0,0,5,3,6,13,0
17,0,54,17,9,90,43,1,0,0,0,13,0,1193,132,104,187,32,104,530,104,0,0,263,0,0,6,3,6,13,0
17,0,54,17,9,90,42,1,0,0,0,11,0,1224,132,110,187,32,110,543,110,0,0,302,0,0,7,3,8,14,0
17,0,55,16,9,90,41,2,0,0,0,10,0,1265,132,120,187,32,120,554,120,0,0,340,0,0,7,5,8,14,0
17,0,56,15,9,90,41,2,0,0,0,9,0,1299,132,128,187,32,128,564,128,0,0,339,0,0,9,3,8,14,0
16,0,57,13,9,90,41,2,0,0,0,8,0,1326,132,134,187,32,134,573,134,0,0,339,0,0,9,3,10,15,0
16,0,58,12,9,90,38,2,0,0,0,10,0,1352,132,140,187,32,140,581,140,0,0,444,0,0,9,3,10,16,0
16,0,59,12,9,90,37,2,0,0,0,9,0,1380,132,146,187,32,146,591,146,0,0,483,0,0,10,3,10,16,0
16,0,59,10,9,90,37,3,0,0,0,9,0,1401,132,150,187,32,150,600,150,0,0,483,0,0,10,1,11,16,0
16,0,63,11,9,90,35,3,0,0,0,9,0,1410,132,150,187,32,150,609,150,0,0,563,0,0,10,0,11,16,0
16,0,66,11,9,90,33,3,0,0,0,8,0,741,50,95,75,9,95,322,95,0,0,458,0,0,9,1,11,16,0
16,0,66,11,9,90,31,3,0,0,0,7,0,761,50,99,75,9,99,330,99,0,0,537,0,0,9,2,11,16,0
16,0,66,11,9,90,31,3,0,0,0,5,0,786,50,105,75,9,105,337,105,0,0,536,0,0,9,3,11,16,0
16,0,66,11,9,90,31,3,0,0,0,5,0,809,50,111,75,9,111,342,111,0,0,536,0,0,9,3,11,17,0
15,0,67,11,9,90,31,4,0,0,0,4,0,838,50,119,75,9,119,347,119,0,0,535,0,0,8,4,11,17,0
15,0,66,9,9,90,31,4,0,0,0,4,0,860,50,125,75,9,125,351,125,0,0,534,0,0,9,3,11,18,0
15,0,66,8,9,90,31,4,0,0,0,4,0,894,50,135,75,9,135,355,135,0,0,532,0,0,9,5,12,19,0
15,0,67,8,9,90,31,5,0,0,0,4,0,928,50,145,75,9,145,359,145,0,0,531,0,0,8,5,12,19,0
15,0,69,7,9,90,29,5,0,0,0,4,0,962,50,155,75,9,155,363,155,0,0,611,0,0,8,4,12,19,0
14,0,71,7,9,90,29,5,0,0,0,3,0,984,50,161,75,9,161,367,161,0,0,610,0,0,9,3,12,19,0
14,0,73,5,9,90,28,5,0,0,0,3,0,1011,50,169,75,9,169,370,169,0,0,649,0,0,9,2,14,19,0
14,0,76,5,9,90,27,5,0,0,0,1,0,1026,50,173,75,9,173,373,173,0,0,687,0,0,9,2,14,19,0
14,0,76,5,9,90,26,5,0,0,0,2,0,1045,50,179,75,9,179,374,179,0,0,726,0,0,9,3,14,18,0
14,0,75,5,9,90,26,6,0,0,0,4,0,1059,50,183,75,9,183,376,183,0,0,725,0,0,11,2,14,18,0
13,0,76,5,9,90,26,6,0,0,0,4,0,495,14,93,25,2,93,175,93,0,0,495,0,0,11,1,16,17,1
13,0,76,5,9,90,26,6,0,0,0,6,1,499,14,93,25,2,93,179,93,0,0,495,0,0,12,0,16,17,1
12,0,77,4,9,90,34,6,0,0,0,6,1,513,14,95,25,2,95,186,95,1,0,494,0,0,10,1,16,18,0
12,0,79,4,9,90,34,6,0,0,0,5,1,527,14,97,25,2,97,193,97,2,0,493,0,0,10,1,16,18,0
12,0,78,4,9,90,34,7,0,0,0,5,1,540,14,99,25,2,99,199,99,3,0,493,0,0,10,1,15,18,0
12,0,79,2,9,90,33,7,0,0,0,6,1,553,14,101,25,2,101,205,101,4,0,532,0,0,11,0,15,18,0
12,0,82,2,9,90,32,8,0,0,0,6,1,561,14,101,25,2,101,212,101,5,0,572,0,0,11,0,16,18,0
12,0,85,1,9,90,32,9,0,0,0,6,1,569,14,101,25,2,101,219,101,6,0,572,0,0,11,0,16,18,0
11,0,86,1,9,90,32,9,0,0,0,6,1,577,14,101,25,2,101,226,101,7,0,572,0,0,11,0,16,18,0
11,0,88,1,9,90,31,9,0,0,0,7,1,585,14,101,25,2,101,233,101,8,0,597,0,0,11,0,16,18,0
11,0,89,1,9,90,30,10,0,0,0,7,1,594,14,101,25,2,101,241,101,9,0,637,0,0,11,0,16,17,0
11,0,90,1,9,90,29,10,0,0,0,9,1,603,14,101,25,2,101,249,101,10,0,677,0,0,11,0,16,18,0
11,0,91,1,9,90,26,10,0,0,0,8,1,614,14,101,25,2,101,259,101,11,0,787,0,0,11,0,16,18,0
11,0,93,1,9,90,26,10,0,0,0,9,1,624,14,101,25,2,101,268,101,12,0,787,0,0,11,0,16,18,0
11,0,94,1,9,90,25,10,0,0,0,8,1,635,14,101,25,2,101,278,101,13,0,827,0,0,11,0,16,19,0
11,0,96,1,9,90,24,10,0,0,0,7,1,645,14,101,25,2,101,287,101,14,0,867,0,0,11,0,16,19,0
11,0,99,2,9,90,23,11,0,0,0,7,0,654,14,101,25,2,101,295,101,15,0,907,0,0,11,0,16,19,0
11,0,100,2,9,90,23,11,0,0,0,8,0,661,14,101,25,2,101,302,101,15,0,907,0,0,11,0,16,19,0
11,0,103,2,9,90,23,12,0,0,0,8,0,681,14,105,25,2,105,310,105,15,0,905,0,0,11,2,16,20,0
11,0,105,2,9,90,23,14,0,0,0,7,0,701,14,109,25,2,109,318,109,15,0,903,0,0,13,2,16,21,0
11,0,108,2,9,90,23,14,0,0,0,7,0,720,14,113,25,2,113,325,113,15,0,903,0,0,13,2,18,21,0
11,0,110,2,9,90,23,14,0,0,0,7,0,739,14,117,25,2,117,332,117,15,0,903,0,0,13,2,18,21,0
