T-cell population,Th-cell population,B-cell population,APC population,Neuron population,Myelin health,Virus population,Plasma cell population,Th0 population,Th1 population,Th2 population,Tpato17 population,Treg17 population,Cytokine levels,IFN levels,TGF levels,IL-2 levels,IL-4 levels,IL-6 levels,IL-17 levels,IL-21 levels,IL-22 levels,MBP levels,EBNA1 levels,MBP antibody levels,EBNA1 antibody levels,B cells antigen presented,APC antigen attached,B cells activated,B cells latent,B cells lytic
20,20,20,20,9,90,0,0,1,0,0,2,0,20,0,0,20,0,0,0,0,0,0,0,0,0,0,0,0,0,0
20,20,20,21,9,90,0,0,1,0,0,3,0,45,1,0,41,1,0,2,0,0,0,0,0,0,0,0,0,0,0
20,20,20,21,9,90,0,0,2,0,0,3,0,71,2,0,62,2,0,5,0,0,0,0,0,0,0,0,0,0,0
20,20,21,21,9,90,0,0,2,0,0,3,0,100,4,0,84,4,0,8,0,0,0,0,0,0,0,0,0,0,0
20,20,21,21,9,90,50,0,2,0,0,4,0,129,6,0,106,6,0,11,0,0,0,0,0,0,0,0,0,0,0
20,20,21,24,9,90,50,0,3,0,0,6,0,159,8,0,128,8,0,15,0,0,0,0,0,0,0,0,0,0,0
20,20,21,24,9,90,50,0,3,0,0,7,0,194,11,0,151,11,0,21,0,0,0,0,0,0,0,0,0,0,0
20,20,22,24,9,90,50,0,3,0,0,7,0,230,14,0,174,14,0,28,0,0,0,0,0,0,0,0,0,0,0
20,18,22,26,9,90,50,0,4,0,0,7,0,266,17,0,197,17,0,35,0,0,0,0,0,0,0,0,0,1,0
20,0,22,26,9,90,50,0,4,0,0,7,0,94,4,0,79,4,0,7,0,0,0,0,0,0,0,0,0,2,0
20,0,24,28,9,90,50,0,3,0,0,6,0,113,8,0,83,8,0,14,0,0,0,0,0,0,0,0,0,2,0
20,0,27,28,9,90,50,0,3,0,0,5,0,128,11,0,86,11,0,20,0,0,0,0,0,0,0,0,0,2,0
20,0,27,28,9,90,50,0,2,0,0,5,0,142,14,0,89,14,0,25,0,0,0,0,0,0,0,0,0,2,0
20,0,29,29,9,90,50,0,2,0,0,5,0,153,16,0,91,16,0,30,0,0,0,0,0,0,0,0,0,2,0
20,0,29,29,9,90,50,0,2,0,0,4,0,164,18,0,93,18,0,35,0,0,0,0,0,0,0,0,0,2,0
20,0,29,31,9,90,50,0,1,0,0,2,0,174,20,0,95,20,0,39,0,0,0,0,0,0,0,0,0,2,0
20,0,29,31,9,90,50,0,1,0,0,2,0,179,21,0,96,21,0,41,0,0,0,0,0,0,0,0,0,2,0
20,0,30,31,9,90,50,0,1,0,0,2,0,184,22,0,97,22,0,43,0,0,0,0,0,0,0,0,0,3,0
20,0,30,32,9,90,50,0,0,0,0,2,0,189,23,0,98,23,0,45,0,0,0,0,0,0,0,0,0,3,0
20,0,34,32,9,90,50,0,0,0,0,2,0,191,23,0,98,23,0,47,0,0,0,0,0,0,0,0,0,3,0
20,0,34,32,9,90,50,0,0,0,0,1,0,193,23,0,98,23,0,49,0,0,0,0,0,0,0,0,0,4,0
20,0,37,32,9,90,50,0,0,0,0,2,0,194,23,0,98,23,0,50,0,0,0,0,0,0,0,0,0,5,0
20,0,37,32,9,90,50,0,0,0,0,2,0,196,23,0,98,23,0,52,0,0,0,0,0,0,0,0,0,6,0
20,0,39,33,9,90,50,0,0,0,0,3,0,198,23,0,98,23,0,54,0,0,0,0,0,0,0,0,0,7,0
20,0,40,34,9,90,50,0,0,0,0,4,0,201,23,0,98,23,0,57,0,0,0,0,0,0,0,0,0,8,0
19,0,41,36,9,90,50,0,0,0,0,7,0,205,23,0,98,23,0,61,0,0,0,0,0,0,0,0,0,8,0
19,0,44,36,9,90,50,0,0,0,0,8,0,212,23,0,98,23,0,68,0,0,0,0,0,0,0,0,0,10,0
19,0,45,36,9,90,50,0,0,0,0,9,0,220,23,0,98,23,0,76,0,0,0,0,0,0,0,0,0,10,0
19,0,46,36,9,90,50,0,0,0,0,9,0,229,23,0,98,23,0,85,0,0,0,0,0,0,0,0,0,11,0
19,0,46,38,9,90,50,0,0,0,0,10,0,238,23,0,98,23,0,94,0,0,0,0,0,0,0,0,0,11,0
19,0,47,37,9,90,50,0,0,0,0,10,0,248,23,0,98,23,0,104,0,0,0,0,0,0,0,0,0,11,0
19,0,48,38,9,90,50,0,0,0,0,9,0,258,23,0,98,23,0,114,0,0,0,0,0,0,0,0,0,11,0
19,0,51,37,9,90,50,0,0,0,0,8,0,267,23,0,98,23,0,123,0,0,0,0,0,0,0,0,0,11,0
19,0,52,37,9,90,50,0,0,0,0,8,0,275,23,0,98,23,0,131,0,0,0,0,0,0,0,0,0,12,0
19,0,53,36,9,90,50,0,0,0,0,8,0,283,23,0,98,23,0,139,0,0,0,0,0,0,0,0,0,12,0
19,0,54,36,9,90,50,0,0,0,0,6,0,291,23,0,98,23,0,147,0,0,0,0,0,0,0,0,0,13,0
18,0,55,35,9,90,50,0,0,0,0,5,0,297,23,0,98,23,0,153,0,0,0,0,0,0,0,0,0,14,0
18,0,58,34,9,90,50,0,0,0,0,5,0,302,23,0,98,23,0,158,0,0,0,0,0,0,0,0,0,14,0
17,0,60,35,9,90,50,0,0,0,0,8,0,307,23,0,98,23,0,163,0,0,0,0,0,0,0,0,0,16,0
17,0,59,37,9,90,50,0,0,0,0,8,0,315,23,0,98,23,0,171,0,0,0,0,0,0,0,0,0,16,0
17,0,60,35,9,90,50,0,0,0,0,9,0,323,23,0,98,23,0,179,0,0,0,0,0,0,0,0,0,17,0
17,0,61,34,9,90,50,0,0,0,0,10,0,332,23,0,98,23,0,188,0,0,0,0,0,0,0,0,0,17,0
16,0,61,35,9,90,50,0,0,0,0,10,0,342,23,0,98,23,0,198,0,0,0,0,0,0,0,0,0,17,0
16,0,61,36,9,90,50,0,0,0,0,9,0,352,23,0,98,23,0,208,0,0,0,0,0,0,0,0,0,17,0
15,0,61,36,9,90,50,0,0,0,0,10,0,361,23,0,98,23,0,217,0,0,0,0,0,0,0,0,0,17,0
15,0,62,35,9,90,50,0,0,0,0,8,0,371,23,0,98,23,0,227,0,0,0,0,0,0,0,0,0,16,0
15,0,62,35,9,90,50,0,0,0,0,8,0,379,23,0,98,23,0,235,0,0,0,0,0,0,0,0,0,17,0
15,0,62,37,9,90,50,0,0,0,0,7,0,387,23,0,98,23,0,243,0,0,0,0,0,0,0,0,0,18,0
15,0,61,36,9,90,50,0,0,0,0,5,0,394,23,0,98,23,0,250,0,0,0,0,0,0,0,0,0,19,0
13,0,61,35,9,90,50,0,0,0,0,4,0,399,23,0,98,23,0,255,0,0,0,0,0,0,0,0,0,19,0
13,0,65,35,9,90,50,0,0,0,0,3,0,403,23,0,98,23,0,259,0,0,0,0,0,0,0,0,0,21,0
13,0,66,34,9,90,50,0,0,0,0,2,0,406,23,0,98,23,0,262,0,0,0,0,0,0,0,0,0,21,0
13,0,65,34,9,90,50,0,0,0,0,2,0,408,23,0,98,23,0,264,0,0,0,0,0,0,0,0,0,21,0
12,0,64,33,9,90,50,0,0,0,0,3,0,410,23,0,98,23,0,266,0,0,0,0,0,0,0,0,0,21,0
11,0,65,33,9,90,50,0,0,0,0,2,0,413,23,0,98,23,0,269,0,0,0,0,0,0,0,0,0,22,0
11,0,66,33,9,90,50,0,0,0,0,2,0,415,23,0,98,23,0,271,0,0,0,0,0,0,0,0,0,22,0
11,0,64,34,9,90,50,0,0,0,0,2,0,417,23,0,98,23,0,273,0,0,0,0,0,0,0,0,0,22,0
11,0,64,33,9,90,50,0,0,0,0,2,0,419,23,0,98,23,0,275,0,0,0,0,0,0,0,0,0,22,0
11,0,65,32,9,90,50,0,0,0,0,1,0,421,23,0,98,23,0,277,0,0,0,0,0,0,0,0,0,22,0
11,0,68,31,9,90,50,0,0,0,0,1,0,422,23,0,98,23,0,278,0,0,0,0,0,0,0,0,0,22,0
11,0,68,28,9,90,50,0,0,0,0,1,0,423,23,0,98,23,0,279,0,0,0,0,0,0,0,0,0,23,0
11,0,68,29,9,90,50,0,0,0,0,1,0,424,23,0,98,23,0,280,0,0,0,0,0,0,0,0,0,23,0
11,0,68,30,9,90,50,0,0,0,0,2,0,425,23,0,98,23,0,281,0,0,0,0,0,0,0,0,0,23,0
11,0,70,31,9,90,50,0,0,0,0,1,0,427,23,0,98,23,0,283,0,0,0,0,0,0,0,0,0,23,0
11,0,71,29,9,90,50,0,0,0,0,2,0,428,23,0,98,23,0,284,0,0,0,0,0,0,0,0,0,24,0
11,0,69,27,9,90,50,0,0,0,0,2,0,430,23,0,98,23,0,286,0,0,0,0,0,0,0,0,0,22,0
11,0,70,27,9,90,50,0,0,0,0,3,0,179,9,0,39,9,0,122,0,0,0,0,0,0,0,0,0,22,0
11,0,71,29,9,90,50,0,0,0,0,4,0,182,9,0,39,9,0,125,0,0,0,0,0,0,0,0,0,23,0
11,0,71,26,9,90,50,0,0,0,0,4,0,186,9,0,39,9,0,129,0,0,0,0,0,0,0,0,0,23,0
9,0,72,25,9,90,50,0,0,0,0,4,0,190,9,0,39,9,0,133,0,0,0,0,0,0,0,0,0,23,0
9,0,73,25,9,90,50,0,0,0,0,4,0,72,4,0,17,4,0,47,0,0,0,0,0,0,0,0,0,23,0
9,0,75,23,9,90,50,0,0,0,0,4,0,76,4,0,17,4,0,51,0,0,0,0,0,0,0,0,0,25,0
9,0,77,23,9,90,50,0,0,0,0,3,0,80,4,0,17,4,0,55,0,0,0,0,0,0,0,0,0,25,0
9,0,79,22,9,90,50,0,0,0,0,3,0,83,4,0,17,4,0,58,0,0,0,0,0,0,0,0,0,24,0
8,0,77,20,9,90,50,0,0,0,0,2,0,86,4,0,17,4,0,61,0,0,0,0,0,0,0,0,0,25,0
8,0,78,18,9,90,50,0,0,0,0,2,0,88,4,0,17,4,0,63,0,0,0,0,0,0,0,0,0,24,0
8,0,79,17,9,90,50,0,0,0,0,1,0,90,4,0,17,4,0,65,0,0,0,0,0,0,0,0,0,23,0
8,0,79,18,9,90,49,0,0,0,0,0,0,23,1,0,4,1,0,17,0,0,0,32,0,0,0,0,0,24,0
8,0,80,17,9,90,47,0,0,0,0,0,0,35,1,4,4,1,4,17,4,0,0,110,0,0,0,2,0,25,0
8,0,79,17,9,90,47,0,0,0,0,0,0,59,1,12,4,1,12,17,12,0,0,108,0,0,0,4,0,27,0
8,0,79,14,9,90,47,0,0,0,0,1,0,83,1,20,4,1,20,17,20,0,0,108,0,0,0,4,0,27,0
8,0,82,15,9,90,46,0,0,0,0,1,0,114,1,30,4,1,30,18,30,0,0,132,0,0,0,5,0,27,0
8,0,86,16,9,90,46,0,0,0,0,1,0,145,1,40,4,1,40,19,40,0,0,131,0,0,1,5,0,26,0
8,0,84,17,9,90,46,0,0,0,0,1,0,188,1,54,4,1,54,20,54,0,0,128,0,0,2,7,2,25,0
7,0,84,17,9,90,46,0,0,0,0,1,0,225,1,66,4,1,66,21,66,0,0,127,0,0,2,6,3,26,0
7,0,87,17,9,90,46,0,0,0,0,1,0,268,1,80,4,1,80,22,80,0,0,126,0,0,1,7,3,27,0
7,0,90,17,9,90,46,0,0,0,0,1,0,305,1,92,4,1,92,23,92,0,0,125,0,0,3,6,3,28,0
6,0,95,17,9,90,46,0,0,0,0,2,0,342,1,104,4,1,104,24,104,0,0,124,0,0,4,6,5,28,0
5,0,95,17,9,90,46,0,0,0,0,2,0,386,1,118,4,1,118,26,118,0,0,120,0,0,5,6,5,27,0
5,0,96,17,9,90,46,0,0,0,0,2,0,412,1,126,4,1,126,28,126,0,0,120,0,0,7,4,6,28,0
5,0,99,15,9,90,46,0,0,0,0,2,0,274,0,90,0,0,90,4,90,0,0,76,0,0,5,5,7,28,0
5,0,102,14,9,90,46,0,0,0,0,3,0,306,0,100,0,0,100,6,100,0,0,76,0,0,5,5,7,29,0
5,0,103,12,9,90,46,0,0,0,0,3,0,327,0,106,0,0,106,9,106,0,0,76,0,0,6,1,7,29,0
4,0,104,11,9,90,45,0,0,0,0,3,0,173,0,57,0,0,57,2,57,0,0,70,0,0,5,1,7,29,0
4,0,106,13,9,90,45,0,0,0,0,3,0,182,0,59,0,0,59,5,59,0,0,70,0,0,5,1,7,28,0
4,0,106,13,9,90,45,0,0,0,0,3,0,191,0,61,0,0,61,8,61,0,0,70,0,0,5,1,7,29,0
4,0,105,12,9,90,44,0,0,0,0,2,0,200,0,63,0,0,63,11,63,0,0,110,0,0,5,1,7,29,0
4,0,106,12,9,90,44,0,0,0,0,2,0,202,0,63,0,0,63,13,63,0,0,110,0,0,6,0,8,31,0
4,0,108,11,9,90,44,0,0,0,0,2,0,204,0,63,0,0,63,15,63,0,0,110,0,0,6,0,8,31,0
4,0,108,10,9,90,44,0,0,0,0,2,0,206,0,63,0,0,63,17,63,0,0,110,0,0,5,0,7,30,0
