T-cell population,Th-cell population,B-cell population,APC population,Neuron population,Myelin health,Virus population,Plasma cell population,Th0 population,Th1 population,Th2 population,Tpato17 population,Treg17 population,Cytokine levels,IFN levels,TGF levels,IL-2 levels,IL-4 levels,IL-6 levels,IL-17 levels,IL-21 levels,IL-22 levels,MBP levels,EBNA1 levels,MBP antibody levels,EBNA1 antibody levels,B cells antigen presented,APC antigen attached,B cells activated,B cells latent,B cells lytic
20,20,21,22,9,90,0,0,2,0,0,1,0,20,0,0,20,0,0,0,0,0,0,0,0,0,0,0,0,0,0
20,20,22,23,9,90,0,0,4,0,0,2,0,47,2,0,42,2,0,1,0,0,0,0,0,0,0,0,0,0,0
20,20,22,24,9,90,0,0,4,1,0,5,0,81,6,0,66,6,0,3,0,0,0,0,0,0,0,0,0,0,0
20,20,24,24,9,90,0,0,4,2,0,5,0,120,11,0,91,10,0,8,0,0,0,0,0,0,0,0,0,0,0
20,20,25,24,9,90,50,0,4,2,0,8,0,161,17,0,117,14,0,13,0,0,0,0,0,0,0,0,0,0,0
20,20,28,28,9,90,50,0,7,2,0,11,0,205,23,0,143,18,0,21,0,0,0,0,0,0,0,0,0,1,0
20,20,29,28,9,90,50,0,7,2,0,12,0,261,32,0,172,25,0,32,0,0,0,0,0,0,0,0,0,1,0
20,20,29,28,9,90,50,0,7,2,0,13,0,318,41,0,201,32,0,44,0,0,0,0,0,0,0,0,0,1,0
20,16,33,30,9,90,50,0,7,2,0,13,0,376,50,0,230,39,0,57,0,0,0,0,0,0,0,0,0,1,0
20,0,34,30,9,90,50,0,8,2,0,15,0,430,59,0,255,46,0,70,0,0,0,0,0,0,0,0,0,2,0
20,0,37,31,9,90,50,0,6,3,0,16,0,473,69,0,265,54,0,85,0,0,0,0,0,0,0,0,0,3,0
20,0,37,32,9,90,50,0,5,3,0,15,0,513,78,0,274,60,0,101,0,0,0,0,0,0,0,0,0,3,0
20,0,37,31,9,90,50,0,5,3,0,14,0,549,86,0,282,65,0,116,0,0,0,0,0,0,0,0,0,3,0
20,0,40,29,9,90,50,0,5,2,0,16,0,584,94,0,290,70,0,130,0,0,0,0,0,0,0,0,0,3,0
20,0,42,30,9,90,50,0,5,2,0,15,0,619,101,0,297,75,0,146,0,0,0,0,0,0,0,0,0,3,0
20,0,46,30,9,90,50,0,2,2,0,13,0,653,108,0,304,80,0,161,0,0,0,0,0,0,0,0,0,4,0
20,0,49,28,9,90,50,0,2,2,0,11,0,676,112,0,308,82,0,174,0,0,0,0,0,0,0,0,0,5,0
20,0,50,26,9,90,50,0,2,2,0,11,0,697,116,0,312,84,0,185,0,0,0,0,0,0,0,0,0,6,0
19,0,52,26,9,90,50,0,2,2,0,12,0,718,120,0,316,86,0,196,0,0,0,0,0,0,0,0,0,6,0
19,0,55,25,9,90,50,0,0,2,0,11,0,740,124,0,320,88,0,208,0,0,0,0,0,0,0,0,0,6,0
19,0,58,25,9,90,50,0,0,1,0,10,0,755,126,0,322,88,0,219,0,0,0,0,0,0,0,0,0,6,0
19,0,60,23,9,90,50,0,0,1,0,10,0,767,127,0,323,88,0,229,0,0,0,0,0,0,0,0,0,5,0
19,0,64,24,9,90,50,0,0,0,0,10,0,779,128,0,324,88,0,239,0,0,0,0,0,0,0,0,0,5,0
19,0,65,20,9,90,50,0,0,0,0,9,0,315,53,0,141,32,0,89,0,0,0,0,0,0,0,0,0,6,0
19,0,65,20,9,90,50,0,0,0,0,10,0,324,53,0,141,32,0,98,0,0,0,0,0,0,0,0,0,7,0
19,0,69,22,9,90,50,0,0,0,0,9,0,334,53,0,141,32,0,108,0,0,0,0,0,0,0,0,0,7,0
19,0,75,23,9,90,50,0,0,0,0,11,0,343,53,0,141,32,0,117,0,0,0,0,0,0,0,0,0,7,0
19,0,75,21,9,90,50,0,0,0,0,12,0,354,53,0,141,32,0,128,0,0,0,0,0,0,0,0,0,8,0
18,0,76,18,9,90,50,0,0,0,0,11,0,366,53,0,141,32,0,140,0,0,0,0,0,0,0,0,0,8,0
18,0,74,16,9,90,50,0,0,0,0,11,0,377,53,0,141,32,0,151,0,0,0,0,0,0,0,0,0,7,0
17,0,82,14,9,90,50,0,0,0,0,11,0,388,53,0,141,32,0,162,0,0,0,0,0,0,0,0,0,7,0
16,0,84,14,9,90,50,0,0,0,0,12,0,399,53,0,141,32,0,173,0,0,0,0,0,0,0,0,0,8,0
16,0,91,16,9,90,50,0,0,0,0,12,0,411,53,0,141,32,0,185,0,0,0,0,0,0,0,0,0,8,0
16,0,94,16,9,90,50,0,0,0,0,11,0,423,53,0,141,32,0,197,0,0,0,0,0,0,0,0,0,8,0
15,0,96,15,9,90,50,0,0,0,0,10,0,434,53,0,141,32,0,208,0,0,0,0,0,0,0,0,0,8,0
13,0,98,14,9,90,50,0,0,0,0,9,0,444,53,0,141,32,0,218,0,0,0,0,0,0,0,0,0,8,0
13,0,99,16,9,90,50,0,0,0,0,9,0,453,53,0,141,32,0,227,0,0,0,0,0,0,0,0,0,9,0
13,0,98,16,9,90,49,0,0,0,0,8,0,462,53,0,141,32,0,236,0,0,0,40,0,0,0,0,0,11,0
13,0,101,16,9,90,49,0,0,0,0,8,0,470,53,0,141,32,0,244,0,0,0,40,0,0,0,0,0,11,0
13,0,101,17,9,90,49,0,0,0,0,11,0,478,53,0,141,32,0,252,0,0,0,40,0,0,0,0,0,11,0
13,0,105,15,9,90,49,0,0,0,0,10,0,489,53,0,141,32,0,263,0,0,0,40,0,0,0,0,0,11,0
13,0,110,14,9,90,48,0,0,0,0,9,0,499,53,0,141,32,0,273,0,0,0,80,0,0,0,0,0,12,0
13,0,114,13,9,90,47,0,0,0,0,9,0,508,53,0,141,32,0,282,0,0,0,120,0,0,0,0,0,13,0
13,0,124,13,9,90,46,0,0,0,0,8,0,517,53,0,141,32,0,291,0,0,0,160,0,0,0,0,0,15,0
13,0,127,14,9,90,43,0,0,0,0,8,0,543,53,6,141,32,6,299,6,0,0,277,0,0,0,3,0,16,0
12,0,132,14,9,90,41,0,0,0,0,9,0,575,53,14,141,32,14,307,14,0,0,355,0,0,1,3,1,17,0
10,0,138,13,9,90,39,0,0,0,0,9,0,614,53,24,141,32,24,316,24,0,0,432,0,0,2,5,1,19,0
9,0,141,13,9,90,39,0,0,0,0,9,0,659,53,36,141,32,36,325,36,0,0,429,0,0,3,5,2,19,0
9,0,145,12,9,90,39,0,0,0,0,9,0,704,53,48,141,32,48,334,48,0,0,427,0,0,4,5,3,20,0
9,0,152,10,9,90,39,0,0,0,0,6,0,749,53,60,141,32,60,343,60,0,0,425,0,0,5,4,5,20,0
9,0,159,9,9,90,39,0,0,0,0,6,0,773,53,66,141,32,66,349,66,0,0,425,0,0,6,2,6,20,0
9,0,165,8,9,90,37,0,0,0,0,6,0,791,53,70,141,32,70,355,70,0,0,504,0,0,7,1,7,21,0
9,0,166,8,9,90,36,1,0,0,0,7,0,815,53,76,141,32,76,361,76,0,0,542,0,0,7,3,7,19,0
9,0,172,7,9,90,35,1,0,0,0,7,0,834,53,80,141,32,80,368,80,0,0,567,0,0,8,2,8,19,0
9,0,169,7,9,90,34,1,0,0,0,6,0,853,53,84,141,32,84,375,84,0,0,606,0,0,9,2,8,19,0
9,0,176,6,9,90,32,1,0,0,0,7,0,871,53,88,141,32,88,381,88,0,0,685,0,0,10,0,9,20,0
8,0,180,5,9,90,31,2,0,0,0,7,0,884,53,90,141,32,90,388,90,0,0,724,0,0,10,1,10,21,0
8,0,184,6,9,90,30,3,0,0,0,8,0,891,53,90,141,32,90,395,90,0,0,764,0,0,11,0,11,19,0
7,0,189,6,9,90,30,4,0,0,0,8,0,905,53,92,141,32,92,403,92,0,0,763,0,0,11,1,11,19,0
7,0,195,5,9,90,28,4,0,0,0,7,0,925,53,96,141,32,96,411,96,0,0,841,0,0,12,2,12,19,0
7,0,202,4,9,90,28,4,0,0,0,7,0,938,53,98,141,32,98,418,98,0,0,840,0,0,14,0,13,19,0
5,0,204,3,9,90,26,6,0,0,0,6,0,957,53,102,141,32,102,425,102,0,0,918,0,0,14,2,14,20,0
4,0,213,3,9,90,26,8,0,0,0,5,0,975,53,106,141,32,106,431,106,0,0,917,0,0,15,2,15,20,0
4,0,219,3,9,90,26,8,0,0,0,4,0,992,53,110,141,32,110,436,110,0,0,916,0,0,15,2,15,18,0
4,0,221,3,9,90,25,9,0,0,0,4,0,1014,53,116,141,32,116,440,116,0,0,955,0,0,15,3,15,16,0
4,0,222,2,9,90,23,10,0,0,0,3,0,1036,53,122,141,32,122,444,122,0,0,1034,0,0,16,2,15,16,0
4,0,232,1,9,90,21,12,0,0,0,2,0,1051,53,126,141,32,126,447,126,0,0,1114,0,0,15,1,15,16,0
4,0,244,0,9,90,20,15,0,0,0,2,0,524,23,76,53,13,76,207,76,0,0,851,0,0,14,0,14,16,0
4,0,248,0,9,90,17,16,0,0,0,1,0,526,23,76,53,13,76,209,76,0,0,971,0,0,14,0,14,16,0
4,0,254,0,9,90,17,17,0,0,0,1,0,527,23,76,53,13,76,210,76,0,0,971,0,0,14,0,14,14,0
4,0,263,0,9,90,17,18,0,0,0,1,0,528,23,76,53,13,76,211,76,0,0,971,0,0,14,0,14,13,0
4,0,273,0,9,90,17,20,0,0,0,2,0,529,23,76,53,13,76,212,76,0,0,971,0,0,14,0,14,11,0
3,0,281,0,9,90,17,23,0,0,0,2,0,531,23,76,53,13,76,214,76,0,0,971,0,0,14,0,14,11,0
3,0,292,0,9,90,15,25,0,0,0,2,0,533,23,76,53,13,76,216,76,0,0,1036,0,0,14,0,14,10,0
3,0,300,0,9,90,15,27,0,0,0,2,0,535,23,76,53,13,76,218,76,0,0,1036,0,0,14,0,14,10,0
2,0,310,0,9,90,15,28,0,0,0,2,0,537,23,76,53,13,76,220,76,0,0,1036,0,0,14,0,14,10,0
2,0,316,0,9,90,15,31,0,0,0,2,0,539,23,76,53,13,76,222,76,0,0,1036,0,0,14,0,14,11,0
2,0,329,0,9,90,15,32,0,0,0,1,0,194,8,24,20,5,24,89,24,0,0,702,0,0,14,0,14,12,0
1,0,347,0,9,90,15,35,0,0,0,1,0,195,8,24,20,5,24,90,24,0,0,702,0,0,14,0,14,12,0
1,0,362,0,9,90,14,43,0,0,0,1,0,196,8,24,20,5,24,91,24,0,0,742,0,0,13,0,13,11,0
1,0,374,0,9,90,14,44,0,0,0,1,0,197,8,24,20,5,24,92,24,0,0,742,0,0,12,0,12,11,0
1,0,389,0,9,90,13,45,0,0,0,0,0,198,8,24,20,5,24,93,24,0,0,782,0,0,12,0,12,11,0
1,0,403,0,9,90,12,48,0,0,0,0,0,198,8,24,20,5,24,93,24,0,0,822,0,0,12,0,12,11,0
1,0,408,0,9,90,12,55,0,0,0,0,0,198,8,24,20,5,24,93,24,0,0,822,0,0,12,0,12,11,0
1,0,423,0,9,90,12,57,0,0,0,0,0,198,8,24,20,5,24,93,24,0,0,822,0,0,11,0,11,12,0
1,0,435,0,9,90,12,62,0,0,0,0,0,198,8,24,20,5,24,93,24,0,0,822,0,0,11,0,11,12,0
1,0,443,0,9,90,12,66,0,0,0,1,0,198,8,24,20,5,24,93,24,0,0,822,0,0,10,0,10,11,0
1,0,449,0,9,90,11,68,0,0,0,1,0,199,8,24,20,5,24,94,24,0,0,862,0,0,10,0,10,11,0
1,0,465,0,9,90,11,70,0,0,0,1,0,200,8,24,20,5,24,95,24,0,0,862,0,0,10,0,10,10,0
1,0,476,0,9,90,11,74,0,0,0,1,0,201,8,24,20,5,24,96,24,0,0,862,0,0,10,0,10,11,0
1,0,494,0,9,90,11,82,0,0,0,1,0,202,8,24,20,5,24,97,24,0,0,862,0,0,10,0,10,11,0
1,0,513,0,9,90,11,85,0,0,0,1,0,203,8,24,20,5,24,98,24,0,0,862,0,0,10,0,10,11,0
0,0,523,0,9,90,11,96,0,0,0,2,0,204,8,24,20,5,24,99,24,0,0,862,0,0,10,0,10,11,0
0,0,530,0,9,90,11,102,0,0,0,3,0,206,8,24,20,5,24,101,24,0,0,862,0,0,9,0,9,12,0
0,0,553,0,9,90,11,107,0,0,0,3,0,209,8,24,20,5,24,104,24,0,0,862,0,0,8,0,8,10,0
0,0,574,0,9,90,11,118,0,0,0,3,0,212,8,24,20,5,24,107,24,0,0,862,0,0,7,0,7,9,0
0,0,592,0,9,90,11,124,0,0,0,2,0,215,8,24,20,5,24,110,24,0,0,862,0,0,7,0,7,9,0
0,0,615,0,9,90,11,133,0,0,0,2,0,217,8,24,20,5,24,112,24,0,0,862,0,0,7,0,7,9,0
0,0,631,0,9,90,11,142,0,0,0,2,0,219,8,24,20,5,24,114,24,0,0,862,0,0,6,0,6,9,0
0,0,639,0,9,90,11,145,0,0,0,2,0,221,8,24,20,5,24,116,24,0,0,862,0,0,6,0,6,12,0
