T-cell population,Th-cell population,B-cell population,APC population,Neuron population,Myelin health,Virus population,Plasma cell population,Th0 population,Th1 population,Th2 population,Tpato17 population,Treg17 population,Cytokine levels,IFN levels,TGF levels,IL-2 levels,IL-4 levels,IL-6 levels,IL-17 levels,IL-21 levels,IL-22 levels,MBP levels,EBNA1 levels,MBP antibody levels,EBNA1 antibody levels,B cells antigen presented,APC antigen attached,B cells activated,B cells latent,B cells lytic
20,20,21,20,9,90,0,0,2,0,0,2,0,20,0,0,20,0,0,0,0,0,0,0,0,0,0,0,0,0,0
20,20,22,20,9,90,0,0,3,0,0,4,0,48,2,0,42,2,0,2,0,0,0,0,0,0,0,0,0,0,0
20,20,22,20,9,90,0,0,5,0,0,6,0,81,5,0,65,5,0,6,0,0,0,0,0,0,0,0,0,0,0
20,20,24,20,9,90,0,0,6,0,0,6,0,122,10,0,90,10,0,12,0,0,0,0,0,0,0,0,0,0,0
20,20,24,20,9,90,50,0,6,0,0,6,0,33,2,0,25,2,0,4,0,0,0,0,0,0,0,0,0,0,0
20,20,24,20,9,90,50,0,7,0,0,10,0,9,1,0,5,1,0,2,0,0,0,0,0,0,0,0,0,1,0
20,20,24,20,9,90,50,0,8,0,0,13,0,60,8,0,32,8,0,12,0,0,0,0,0,0,0,0,0,2,0
20,20,27,21,9,90,50,0,10,0,0,15,0,117,16,0,60,16,0,25,0,0,0,0,0,0,0,0,0,2,0
20,14,28,21,9,90,50,0,11,0,0,18,0,182,26,0,90,26,0,40,0,0,0,0,0,0,0,0,0,2,0
20,0,32,21,9,90,50,0,13,0,0,20,0,247,37,0,115,37,0,58,0,0,0,0,0,0,0,0,0,2,0
20,0,33,21,9,90,50,0,11,0,0,19,0,306,50,0,128,50,0,78,0,0,0,0,0,0,0,0,0,5,0
20,0,33,23,9,90,50,0,10,0,0,19,0,358,61,0,139,61,0,97,0,0,0,0,0,0,0,0,0,5,0
20,0,33,23,9,90,50,0,8,1,0,20,0,407,71,0,149,71,0,116,0,0,0,0,0,0,0,0,0,5,0
20,0,35,23,9,90,50,0,7,1,0,24,0,453,80,0,158,79,0,136,0,0,0,0,0,0,0,0,0,5,0
20,0,35,22,9,90,50,0,7,1,0,24,0,500,88,0,166,86,0,160,0,0,0,0,0,0,0,0,0,6,0
20,0,41,21,9,90,50,0,6,1,0,25,0,547,96,0,174,93,0,184,0,0,0,0,0,0,0,0,0,7,0
20,0,44,17,9,90,50,0,4,2,0,25,0,592,103,0,181,99,0,209,0,0,0,0,0,0,0,0,0,7,0
20,0,44,17,9,90,50,0,3,2,0,28,0,633,109,0,187,103,0,234,0,0,0,0,0,0,0,0,0,9,0
20,0,48,15,9,90,50,0,2,2,0,28,0,674,114,0,192,106,0,262,0,0,0,0,0,0,0,0,0,11,0
20,0,49,14,9,90,50,0,0,2,0,29,0,712,118,0,196,108,0,290,0,0,0,0,0,0,0,0,0,11,0
20,0,53,13,9,90,50,0,0,2,0,31,0,745,120,0,198,108,0,319,0,0,0,0,0,0,0,0,0,12,0
20,0,58,13,9,90,50,0,0,2,0,30,0,780,122,0,200,108,0,350,0,0,0,0,0,0,0,0,0,15,0
20,0,63,12,9,90,50,0,0,1,0,28,0,814,124,0,202,108,0,380,0,0,0,0,0,0,0,0,0,16,0
19,0,63,10,9,90,50,0,0,1,0,26,0,844,125,0,203,108,0,408,0,0,0,0,0,0,0,0,0,15,0
18,0,64,9,9,90,50,0,0,1,0,31,0,872,126,0,204,108,0,434,0,0,0,0,0,0,0,0,0,14,0
16,0,66,9,9,90,50,0,0,1,0,27,0,905,127,0,205,108,0,465,0,0,0,0,0,0,0,0,0,14,0
16,0,66,6,9,90,49,0,0,0,0,25,0,934,128,0,206,108,0,492,0,0,0,40,0,0,0,0,0,17,0
15,0,66,5,9,90,49,0,0,0,0,24,0,959,128,0,206,108,0,517,0,0,0,40,0,0,0,0,0,18,0
15,0,69,4,9,90,48,0,0,0,0,24,0,989,128,2,206,108,2,541,2,0,0,79,0,0,0,1,0,17,0
14,0,72,4,9,90,48,0,0,0,0,22,0,1019,128,4,206,108,4,565,4,0,0,79,0,0,0,1,0,17,0
13,0,74,4,9,90,48,0,0,0,0,20,0,1053,128,8,206,108,8,587,8,0,0,78,0,0,0,2,0,18,0
13,0,74,4,9,90,48,0,0,0,0,21,0,1085,128,12,206,108,12,607,12,0,0,78,0,0,0,2,0,16,0
13,0,80,4,9,90,47,0,0,0,0,21,0,1118,128,16,206,108,16,628,16,0,0,117,0,0,1,2,0,17,0
13,0,81,5,9,90,47,0,0,0,0,20,0,1151,128,20,206,108,20,649,20,0,0,117,0,0,1,2,1,16,0
13,0,88,4,9,90,46,0,0,0,0,15,0,1183,128,24,206,108,24,669,24,0,0,156,0,0,2,2,1,16,0
13,0,89,2,9,90,43,0,0,0,0,16,0,1198,128,24,206,108,24,684,24,0,0,276,0,0,4,0,3,17,0
13,0,93,2,9,90,41,1,0,0,0,17,0,1214,128,24,206,108,24,700,24,0,0,356,0,0,4,0,4,19,0
12,0,97,2,9,90,41,1,0,0,0,16,0,1231,128,24,206,108,24,717,24,0,0,356,0,0,4,0,4,18,0
9,0,101,2,9,90,39,2,0,0,0,18,0,1247,128,24,206,108,24,733,24,0,0,436,0,0,4,0,4,18,0
9,0,103,2,9,90,39,2,0,0,0,19,0,1265,128,24,206,108,24,751,24,0,0,436,0,0,4,0,4,22,0
8,0,106,2,9,90,38,2,0,0,0,17,0,1284,128,24,206,108,24,770,24,0,0,476,0,0,4,0,4,22,0
6,0,109,2,9,90,38,2,0,0,0,17,0,1301,128,24,206,108,24,787,24,0,0,476,0,0,3,0,3,21,0
6,0,112,1,9,90,38,2,0,0,0,17,0,1318,128,24,206,108,24,804,24,0,0,476,0,0,3,0,3,23,0
5,0,116,1,9,90,35,3,0,0,0,16,0,1335,128,24,206,108,24,821,24,0,0,596,0,0,3,0,3,22,0
5,0,117,1,9,90,34,4,0,0,0,17,0,1351,128,24,206,108,24,837,24,0,0,636,0,0,3,0,3,24,0
4,0,115,1,9,90,34,4,0,0,0,15,0,1368,128,24,206,108,24,854,24,0,0,636,0,0,3,0,3,23,0
3,0,117,1,9,90,34,4,0,0,0,13,0,1383,128,24,206,108,24,869,24,0,0,636,0,0,3,0,3,23,0
3,0,122,1,9,90,34,4,0,0,0,12,0,1396,128,24,206,108,24,882,24,0,0,636,0,0,3,0,3,22,0
3,0,124,1,9,90,32,5,0,0,0,10,0,1408,128,24,206,108,24,894,24,0,0,716,0,0,3,0,3,23,0
1,0,130,1,9,90,30,5,0,0,0,8,0,1418,128,24,206,108,24,904,24,0,0,796,0,0,3,0,3,23,0
1,0,135,1,9,90,29,6,0,0,0,8,0,1426,128,24,206,108,24,912,24,0,0,836,0,0,3,0,3,23,0
1,0,140,1,9,90,27,8,0,0,0,8,0,1434,128,24,206,108,24,920,24,0,0,916,0,0,3,0,3,24,0
1,0,144,1,9,90,26,8,0,0,0,7,0,1442,128,24,206,108,24,928,24,0,0,956,0,0,3,0,3,23,0
1,0,148,0,9,90,26,9,0,0,0,7,0,1449,128,24,206,108,24,935,24,0,0,956,0,0,3,0,3,23,0
1,0,155,0,9,90,24,9,0,0,0,6,0,1456,128,24,206,108,24,942,24,0,0,1036,0,0,3,0,3,22,0
1,0,166,0,9,90,22,10,0,0,0,4,0,1462,128,24,206,108,24,948,24,0,0,1116,0,0,3,0,3,23,0
1,0,175,0,9,90,22,12,0,0,0,3,0,1466,128,24,206,108,24,952,24,0,0,1116,0,0,3,0,3,24,0
1,0,181,0,9,90,20,12,0,0,0,4,0,1469,128,24,206,108,24,955,24,0,0,1196,0,0,3,0,3,23,0
1,0,191,0,9,90,20,13,0,0,0,2,0,1473,128,24,206,108,24,959,24,0,0,1196,0,0,3,0,3,23,0
1,0,199,0,9,90,19,13,0,0,0,2,0,776,47,12,78,37,12,578,12,0,0,947,0,0,3,0,3,23,0
1,0,205,0,9,90,18,14,0,0,0,1,0,778,47,12,78,37,12,580,12,0,0,987,0,0,3,0,3,22,0
1,0,211,0,9,90,17,16,0,0,0,1,0,779,47,12,78,37,12,581,12,0,0,1027,0,0,3,0,3,21,0
1,0,222,0,9,90,15,19,0,0,0,1,0,780,47,12,78,37,12,582,12,0,0,1107,0,0,3,0,3,21,0
1,0,225,0,9,90,14,21,0,0,0,2,0,781,47,12,78,37,12,583,12,0,0,1147,0,0,3,0,3,20,0
1,0,227,0,9,90,14,22,0,0,0,2,0,783,47,12,78,37,12,585,12,0,0,1147,0,0,3,0,3,19,0
1,0,231,0,9,90,13,23,0,0,0,2,0,785,47,12,78,37,12,587,12,0,0,1187,0,0,3,0,3,18,0
1,0,238,0,9,90,12,24,0,0,0,2,0,787,47,12,78,37,12,589,12,0,0,1227,0,0,2,0,2,19,0
1,0,245,0,9,90,11,27,0,0,0,1,0,789,47,12,78,37,12,591,12,0,0,1267,0,0,1,0,1,19,0
1,0,258,0,9,90,11,26,0,0,0,2,0,790,47,12,78,37,12,592,12,0,0,1267,0,0,1,0,1,19,0
1,0,270,0,9,90,11,26,0,0,0,2,0,792,47,12,78,37,12,594,12,0,0,1267,0,0,1,0,1,19,0
1,0,278,0,9,90,11,29,0,0,0,2,0,369,16,0,25,13,0,315,0,0,0,929,0,0,1,0,1,19,0
0,0,292,0,9,90,10,29,0,0,0,2,0,371,16,0,25,13,0,317,0,0,0,969,0,0,1,0,1,20,0
0,0,299,0,9,90,10,28,0,0,0,2,0,373,16,0,25,13,0,319,0,0,0,969,0,0,1,0,1,21,0
0,0,308,0,9,90,10,29,0,0,0,2,0,375,16,0,25,13,0,321,0,0,0,969,0,0,1,0,1,18,0
0,0,322,0,9,90,10,30,0,0,0,2,0,377,16,0,25,13,0,323,0,0,0,969,0,0,1,0,1,17,0
0,0,331,0,9,90,10,32,0,0,0,2,0,144,4,0,4,4,0,132,0,0,0,665,0,0,1,0,1,15,0
0,0,342,0,9,90,10,34,0,0,0,2,0,146,4,0,4,4,0,134,0,0,0,665,0,0,1,0,1,14,0
0,0,356,0,9,90,10,35,0,0,0,1,0,148,4,0,4,4,0,136,0,0,0,665,0,0,0,0,0,14,0
0,0,372,0,9,90,10,39,0,0,0,1,0,149,4,0,4,4,0,137,0,0,0,665,0,0,0,0,0,14,0
0,0,382,0,9,90,10,42,0,0,0,1,0,150,4,0,4,4,0,138,0,0,0,665,0,0,0,0,0,16,0
0,0,394,0,9,90,10,46,0,0,0,1,0,151,4,0,4,4,0,139,0,0,0,665,0,0,0,0,0,16,0
0,0,403,0,9,90,10,47,0,0,0,1,0,152,4,0,4,4,0,140,0,0,0,665,0,0,0,0,0,15,0
0,0,421,0,9,90,7,51,0,0,0,1,0,153,4,0,4,4,0,141,0,0,0,785,0,0,0,0,0,15,0
0,0,436,0,9,90,7,52,0,0,0,0,0,154,4,0,4,4,0,142,0,0,0,785,0,0,0,0,0,14,0
0,0,455,0,9,90,7,56,0,0,0,0,0,154,4,0,4,4,0,142,0,0,0,785,0,0,0,0,0,12,0
0,0,472,0,9,90,7,60,0,0,0,0,0,154,4,0,4,4,0,142,0,0,0,785,0,0,0,0,0,13,0
0,0,481,0,9,90,7,63,0,0,0,0,0,154,4,0,4,4,0,142,0,0,0,785,0,0,0,0,0,11,0
0,0,493,0,9,90,7,70,0,0,0,0,0,33,0,0,0,0,0,33,0,0,0,502,0,0,0,0,0,11,0
0,0,507,0,9,90,5,77,0,0,0,0,0,33,0,0,0,0,0,33,0,0,0,582,0,0,0,0,0,10,0
0,0,521,0,9,90,5,81,0,0,0,0,0,33,0,0,0,0,0,33,0,0,0,582,0,0,0,0,0,10,0
0,0,543,0,9,90,5,85,0,0,0,0,0,33,0,0,0,0,0,33,0,0,0,582,0,0,0,0,0,10,0
0,0,552,0,9,90,5,95,0,0,0,0,0,33,0,0,0,0,0,33,0,0,0,582,0,0,0,0,0,10,0
0,0,561,0,9,90,5,97,0,0,0,0,0,33,0,0,0,0,0,33,0,0,0,582,0,0,0,0,0,9,0
0,0,588,0,9,90,5,102,0,0,0,0,0,33,0,0,0,0,0,33,0,0,0,582,0,0,0,0,0,8,0
0,0,611,0,9,90,5,107,0,0,0,0,0,33,0,0,0,0,0,33,0,0,0,582,0,0,0,0,0,9,0
0,0,638,0,9,90,5,110,0,0,0,0,0,33,0,0,0,0,0,33,0,0,0,582,0,0,0,0,0,9,0
0,0,654,0,9,90,5,114,0,0,0,0,0,33,0,0,0,0,0,33,0,0,0,582,0,0,0,0,0,10,0
0,0,678,0,9,90,5,118,0,0,0,0,0,33,0,0,0,0,0,33,0,0,0,582,0,0,0,0,0,10,0
0,0,702,0,9,90,5,121,0,0,0,0,0,33,0,0,0,0,0,33,0,0,0,582,0,0,0,0,0,9,0
0,0,725,0,9,90,4,127,0,0,0,0,0,33,0,0,0,0,0,33,0,0,0,622,0,0,0,0,0,9,0
