T-cell population,Th-cell population,B-cell population,APC population,Neuron population,Myelin health,Virus population,Plasma cell population,Th0 population,Th1 population,Th2 population,Tpato17 population,Treg17 population,Cytokine levels,IFN levels,TGF levels,IL-2 levels,IL-4 levels,IL-6 levels,IL-17 levels,IL-21 levels,IL-22 levels,MBP levels,EBNA1 levels,MBP antibody levels,EBNA1 antibody levels,B cells antigen presented,APC antigen attached,B cells activated,B cells latent,B cells lytic
20,20,20,21,9,90,0,0,0,0,0,0,0,20,0,0,20,0,0,0,0,0,0,0,0,0,0,0,0,0,0
20,20,20,22,9,90,0,0,3,0,0,2,0,40,0,0,40,0,0,0,0,0,0,0,0,0,0,0,0,0,0
20,20,21,22,9,90,0,0,4,0,0,3,0,71,3,0,63,3,0,2,0,0,0,0,0,0,0,0,0,0,0
20,20,21,22,9,90,0,0,5,0,0,5,0,106,7,0,87,7,0,5,0,0,0,0,0,0,0,0,0,0,0
20,20,22,23,9,90,50,0,5,0,0,6,0,146,12,0,112,12,0,10,0,0,0,0,0,0,0,0,0,0,0
20,20,22,23,9,90,50,0,5,0,0,7,0,187,17,0,137,17,0,16,0,0,0,0,0,0,0,0,0,0,0
20,15,22,23,9,90,50,0,5,0,0,7,0,48,2,0,42,2,0,2,0,0,0,0,0,0,0,0,0,1,0
20,0,22,23,9,90,50,0,5,1,0,7,0,85,7,0,62,7,0,9,0,0,0,0,0,0,0,0,0,1,0
20,0,21,24,9,90,50,0,4,1,0,9,0,109,13,0,68,12,0,16,0,0,0,0,0,0,0,0,0,1,0
20,0,21,24,9,90,50,0,2,1,0,8,0,132,18,0,73,16,0,25,0,0,0,0,0,0,0,0,0,1,0
20,0,20,24,9,90,50,0,1,1,0,6,0,148,21,0,76,18,0,33,0,0,0,0,0,0,0,0,0,2,0
20,0,20,25,9,90,50,0,0,1,0,6,0,159,23,0,78,19,0,39,0,0,0,0,0,0,0,0,0,2,0
20,0,21,25,9,90,50,0,0,1,0,8,0,167,24,0,79,19,0,45,0,0,0,0,0,0,0,0,0,2,0
20,0,21,24,9,90,50,0,0,1,0,8,0,177,25,0,80,19,0,53,0,0,0,0,0,0,0,0,0,2,0
20,0,23,25,9,90,50,0,0,1,0,8,0,187,26,0,81,19,0,61,0,0,0,0,0,0,0,0,0,2,0
20,0,23,25,9,90,50,0,0,0,0,8,0,197,27,0,82,19,0,69,0,0,0,0,0,0,0,0,0,3,0
20,0,23,25,9,90,50,0,0,0,0,7,0,205,27,0,82,19,0,77,0,0,0,0,0,0,0,0,0,3,0
20,0,23,25,9,90,50,0,0,0,0,6,0,212,27,0,82,19,0,84,0,0,0,0,0,0,0,0,0,3,0
20,0,21,26,9,90,50,0,0,0,0,7,0,218,27,0,82,19,0,90,0,0,0,0,0,0,0,0,0,3,0
19,0,22,23,9,90,50,0,0,0,0,7,0,225,27,0,82,19,0,97,0,0,0,0,0,0,0,0,0,3,0
19,0,21,21,9,90,50,0,0,0,0,4,0,232,27,0,82,19,0,104,0,0,0,0,0,0,0,0,0,3,0
19,0,21,19,9,90,50,0,0,0,0,3,0,236,27,0,82,19,0,108,0,0,0,0,0,0,0,0,0,4,0
19,0,22,17,9,90,50,0,0,0,0,3,0,239,27,0,82,19,0,111,0,0,0,0,0,0,0,0,0,4,0
19,0,22,16,9,90,50,0,0,0,0,4,0,242,27,0,82,19,0,114,0,0,0,0,0,0,0,0,0,4,0
18,0,22,14,9,90,50,0,0,0,0,4,0,246,27,0,82,19,0,118,0,0,0,0,0,0,0,0,0,5,0
17,0,22,15,9,90,50,0,0,0,0,4,0,250,27,0,82,19,0,122,0,0,0,0,0,0,0,0,0,5,0
17,0,21,15,9,90,50,0,0,0,0,4,0,254,27,0,82,19,0,126,0,0,0,0,0,0,0,0,0,5,0
17,0,20,16,9,90,50,0,0,0,0,4,0,258,27,0,82,19,0,130,0,0,0,0,0,0,0,0,0,5,0
17,0,20,14,9,90,50,0,0,0,0,5,0,262,27,0,82,19,0,134,0,0,0,0,0,0,0,0,0,5,0
15,0,20,15,9,90,49,0,0,0,0,5,0,267,27,0,82,19,0,139,0,0,0,40,0,0,0,0,0,5,0
14,0,21,14,9,90,49,0,0,0,0,4,0,272,27,0,82,19,0,144,0,0,0,40,0,0,0,0,0,5,0
14,0,21,12,9,90,48,0,0,0,0,3,0,276,27,0,82,19,0,148,0,0,0,80,0,0,0,0,0,5,0
13,0,22,12,9,90,48,0,0,0,0,4,0,279,27,0,82,19,0,151,0,0,0,80,0,0,0,0,0,5,0
12,0,24,11,9,90,47,0,0,0,0,4,0,283,27,0,82,19,0,155,0,0,0,120,0,0,0,0,0,5,0
12,0,24,11,9,90,47,0,0,0,0,4,0,287,27,0,82,19,0,159,0,0,0,120,0,0,0,0,0,6,0
12,0,25,10,9,90,46,0,0,0,0,2,0,60,3,1,13,0,1,41,1,0,0,113,0,0,0,1,0,6,0
11,0,24,10,9,90,45,0,0,0,0,2,0,80,3,7,13,0,7,43,7,0,0,150,0,0,1,3,1,7,0
11,0,24,11,9,90,44,0,0,0,0,2,0,100,3,13,13,0,13,45,13,0,0,190,0,0,1,3,1,7,0
11,0,23,9,9,90,44,0,0,0,0,2,0,120,3,19,13,0,19,47,19,0,0,190,0,0,1,3,1,7,0
11,0,24,8,9,90,44,0,0,0,0,3,0,140,3,25,13,0,25,49,25,0,0,190,0,0,1,1,1,7,0
11,0,24,8,9,90,41,0,0,0,0,2,0,149,3,27,13,0,27,52,27,0,0,300,0,0,1,1,1,8,0
9,0,23,9,9,90,41,0,0,0,0,3,0,163,3,31,13,0,31,54,31,0,0,299,0,0,1,2,1,8,0
9,0,24,9,9,90,40,0,0,0,0,2,0,178,3,35,13,0,35,57,35,0,0,339,0,0,1,2,1,8,0
9,0,23,9,9,90,39,0,0,0,0,2,0,198,3,41,13,0,41,59,41,0,0,378,0,0,1,3,1,7,0
9,0,24,8,9,90,36,0,0,0,0,2,0,218,3,47,13,0,47,61,47,0,0,488,0,0,1,3,1,7,0
9,0,24,7,9,90,36,0,0,0,0,2,0,238,3,53,13,0,53,63,53,0,0,488,0,0,1,2,1,7,0
9,0,23,7,9,90,36,0,0,0,0,2,0,252,3,57,13,0,57,65,57,0,0,488,0,0,1,2,1,7,0
8,0,22,6,9,90,35,0,0,0,0,2,0,266,3,61,13,0,61,67,61,0,0,527,0,0,2,1,2,7,0
8,0,21,5,9,90,34,0,0,0,0,2,0,274,3,63,13,0,63,69,63,0,0,567,0,0,1,1,2,6,0
8,0,22,5,9,90,34,0,0,0,0,2,0,282,3,65,13,0,65,71,65,0,0,567,0,0,1,1,2,6,0
8,0,22,5,9,90,33,0,0,0,0,2,0,290,3,67,13,0,67,73,67,0,0,607,0,0,1,1,2,6,0
8,0,22,5,9,90,32,1,0,0,0,2,0,298,3,69,13,0,69,75,69,0,0,647,0,0,1,1,2,6,0
7,0,23,4,9,90,31,1,0,0,0,2,0,306,3,71,13,0,71,77,71,0,0,687,0,0,1,1,2,6,0
7,0,22,3,9,90,31,1,0,0,0,2,0,314,3,73,13,0,73,79,73,0,0,687,0,0,1,0,2,6,0
7,0,24,3,9,90,31,1,0,0,0,2,0,316,3,73,13,0,73,81,73,0,0,687,0,0,1,0,2,6,0
7,0,23,3,9,90,31,1,0,0,0,1,0,318,3,73,13,0,73,83,73,0,0,687,0,0,1,0,2,5,0
7,0,26,3,9,90,31,1,0,0,0,1,0,319,3,73,13,0,73,84,73,0,0,687,0,0,1,0,2,5,0
7,0,26,3,9,90,31,1,0,0,0,1,0,326,3,75,13,0,75,85,75,0,0,686,0,0,1,1,2,5,0
7,0,25,3,9,90,31,1,0,0,0,1,0,339,3,79,13,0,79,86,79,0,0,685,0,0,1,2,2,5,0
7,0,25,3,9,90,31,1,0,0,0,1,0,352,3,83,13,0,83,87,83,0,0,685,0,0,1,2,2,5,0
7,0,21,3,9,90,31,1,0,0,0,1,0,365,3,87,13,0,87,88,87,0,0,685,0,0,0,2,1,3,0
7,0,22,3,9,90,31,1,0,0,0,1,0,378,3,91,13,0,91,89,91,0,0,685,0,0,0,2,1,3,0
7,0,22,3,9,90,30,1,0,0,0,2,0,391,3,95,13,0,95,90,95,0,0,725,0,0,0,2,1,3,0
7,0,23,3,9,90,28,1,0,0,0,3,0,405,3,99,13,0,99,92,99,0,0,805,0,0,0,2,1,3,0
7,0,23,3,9,90,28,1,0,0,0,3,0,420,3,103,13,0,103,95,103,0,0,805,0,0,0,2,1,3,0
7,0,22,3,9,90,27,1,0,0,0,3,0,435,3,107,13,0,107,98,107,0,0,845,0,0,0,2,1,3,0
6,0,24,3,9,90,26,1,0,0,0,3,0,450,3,111,13,0,111,101,111,0,0,885,0,0,0,2,1,3,0
6,0,24,2,9,90,25,1,0,0,0,3,0,465,3,115,13,0,115,104,115,0,0,925,0,0,0,1,1,3,0
5,0,24,1,9,90,24,1,0,0,0,3,0,474,3,117,13,0,117,107,117,0,0,965,0,0,0,0,1,3,0
5,0,24,1,9,90,22,1,0,0,0,3,0,477,3,117,13,0,117,110,117,0,0,1045,0,0,0,0,1,3,0
5,0,22,1,9,90,21,1,0,0,0,2,0,480,3,117,13,0,117,113,117,0,0,1085,0,0,0,0,1,2,0
4,0,21,1,9,90,21,1,0,0,0,1,0,482,3,117,13,0,117,115,117,0,0,1085,0,0,0,0,1,2,0
4,0,21,1,9,90,21,1,0,0,0,1,0,489,3,119,13,0,119,116,119,0,0,1084,0,0,0,1,1,2,0
4,0,21,1,9,90,21,1,0,0,0,0,0,496,3,121,13,0,121,117,121,0,0,1084,0,0,0,1,1,2,0
4,0,21,0,9,90,21,1,0,0,0,0,0,502,3,123,13,0,123,117,123,0,0,1084,0,0,0,0,1,2,0
4,0,22,0,9,90,21,1,0,0,0,0,0,502,3,123,13,0,123,117,123,0,0,1084,0,0,0,0,1,2,0
4,0,22,0,9,90,21,1,0,0,0,0,0,502,3,123,13,0,123,117,123,0,0,1084,0,0,0,0,1,2,0
4,0,23,0,9,90,20,1,0,0,0,0,0,502,3,123,13,0,123,117,123,0,0,1124,0,0,0,0,1,2,0
4,0,23,0,9,90,20,1,0,0,0,0,0,502,3,123,13,0,123,117,123,0,0,1124,0,0,0,0,1,2,0
4,0,22,0,9,90,20,1,0,0,0,0,0,502,3,123,13,0,123,117,123,0,0,1124,0,0,0,0,1,2,0
4,0,22,0,9,90,20,1,0,0,0,0,0,502,3,123,13,0,123,117,123,0,0,1124,0,0,0,0,1,2,0
4,0,21,0,9,90,20,1,0,0,0,0,0,502,3,123,13,0,123,117,123,0,0,1124,0,0,0,0,1,2,0
4,0,22,0,9,90,20,1,0,0,0,0,0,502,3,123,13,0,123,117,123,0,0,1124,0,0,0,0,1,3,0
4,0,22,0,9,90,19,1,0,0,0,0,0,502,3,123,13,0,123,117,123,0,0,1164,0,0,0,0,1,3,0
4,0,22,0,9,90,18,1,0,0,0,0,0,502,3,123,13,0,123,117,123,0,0,1204,0,0,0,0,1,3,0
4,0,23,0,9,90,16,1,0,0,0,1,0,502,3,123,13,0,123,117,123,0,0,1284,0,0,0,0,1,3,0
3,0,22,0,9,90,16,1,0,0,0,1,0,503,3,123,13,0,123,118,123,0,0,1284,0,0,0,0,1,3,0
3,0,22,0,9,90,16,1,0,0,0,1,0,504,3,123,13,0,123,119,123,0,0,1284,0,0,0,0,1,4,0
3,0,22,0,9,90,16,1,0,0,0,1,0,505,3,123,13,0,123,120,123,0,0,1284,0,0,0,0,1,4,0
3,0,21,0,9,90,16,1,0,0,0,2,0,506,3,123,13,0,123,121,123,0,0,1284,0,0,0,0,1,3,0
3,0,22,0,9,90,16,1,0,0,0,2,0,508,3,123,13,0,123,123,123,0,0,1284,0,0,0,0,1,3,0
2,0,22,0,9,90,16,1,0,0,0,2,0,510,3,123,13,0,123,125,123,0,0,1284,0,0,0,0,1,3,0
2,0,22,0,9,90,15,1,0,0,0,1,0,512,3,123,13,0,123,127,123,0,0,1324,0,0,0,0,1,3,0
2,0,23,0,9,90,15,1,0,0,0,1,0,513,3,123,13,0,123,128,123,0,0,1324,0,0,0,0,1,4,0
2,0,24,0,9,90,15,1,0,0,0,1,0,514,3,123,13,0,123,129,123,0,0,1324,0,0,0,0,1,4,0
2,0,25,0,9,90,15,1,0,0,0,1,0,515,3,123,13,0,123,130,123,0,0,1324,0,0,0,0,1,4,0
2,0,25,0,9,90,15,1,0,0,0,1,0,516,3,123,13,0,123,131,123,0,0,1324,0,0,0,0,1,4,0
2,0,25,0,9,90,15,1,0,0,0,0,0,517,3,123,13,0,123,132,123,0,0,1324,0,0,0,0,1,4,0
2,0,23,0,9,90,14,2,0,0,0,0,0,517,3,123,13,0,123,132,123,0,0,1364,0,0,0,0,1,4,0
2,0,23,0,9,90,14,2,0,0,0,0,0,517,3,123,13,0,123,132,123,0,0,1364,0,0,0,0,1,4,0
